sensor_id;sensor_type;location;lat;lon;timestamp;pressure;altitude;pressure_sealevel;temperature;humidity
163;BME280;3946;48.958;8.284;2022-01-25T00:01:50;102112.03;;;-1.70;100.00
163;BME280;3946;48.958;8.284;2022-01-25T00:04:54;102124.69;;;-1.71;100.00
163;BME280;3946;48.958;8.284;2022-01-25T00:07:57;102113.66;;;-1.73;100.00
163;BME280;3946;48.958;8.284;2022-01-25T00:11:02;102116.13;;;-1.78;100.00
163;BME280;3946;48.958;8.284;2022-01-25T00:14:04;102109.34;;;-1.78;100.00
163;BME280;3946;48.958;8.284;2022-01-25T00:17:08;102103.41;;;-1.78;100.00
163;BME280;3946;48.958;8.284;2022-01-25T00:20:19;102104.31;;;-1.74;100.00
163;BME280;3946;48.958;8.284;2022-01-25T00:23:23;102097.63;;;-1.69;100.00
163;BME280;3946;48.958;8.284;2022-01-25T00:26:27;102105.19;;;-1.74;100.00
163;BME280;3946;48.958;8.284;2022-01-25T00:29:18;102101.63;;;-1.85;100.00
163;BME280;3946;48.958;8.284;2022-01-25T00:32:15;102095.66;;;-1.87;100.00
163;BME280;3946;48.958;8.284;2022-01-25T00:35:01;102093.94;;;-1.90;100.00
163;BME280;3946;48.958;8.284;2022-01-25T00:37:48;102097.31;;;-1.91;100.00
163;BME280;3946;48.958;8.284;2022-01-25T00:40:34;102092.97;;;-1.98;100.00
163;BME280;3946;48.958;8.284;2022-01-25T00:43:20;102103.06;;;-2.02;100.00
163;BME280;3946;48.958;8.284;2022-01-25T00:46:08;102099.81;;;-1.92;100.00
163;BME280;3946;48.958;8.284;2022-01-25T00:48:55;102087.69;;;-2.10;100.00
163;BME280;3946;48.958;8.284;2022-01-25T00:51:45;102105.50;;;-2.07;100.00
163;BME280;3946;48.958;8.284;2022-01-25T00:54:51;102092.78;;;-2.08;100.00
163;BME280;3946;48.958;8.284;2022-01-25T00:57:37;102087.66;;;-2.13;100.00
163;BME280;3946;48.958;8.284;2022-01-25T01:00:24;102090.22;;;-2.10;100.00
163;BME280;3946;48.958;8.284;2022-01-25T01:03:09;102095.41;;;-2.04;100.00
163;BME280;3946;48.958;8.284;2022-01-25T01:05:54;102089.44;;;-2.06;100.00
163;BME280;3946;48.958;8.284;2022-01-25T01:08:40;102087.75;;;-2.05;100.00
163;BME280;3946;48.958;8.284;2022-01-25T01:11:29;102085.97;;;-2.13;100.00
163;BME280;3946;48.958;8.284;2022-01-25T01:14:21;102091.00;;;-2.16;100.00
163;BME280;3946;48.958;8.284;2022-01-25T01:17:22;102089.25;;;-2.18;100.00
163;BME280;3946;48.958;8.284;2022-01-25T01:20:25;102093.63;;;-2.09;100.00
163;BME280;3946;48.958;8.284;2022-01-25T01:23:28;102098.16;;;-1.90;100.00
163;BME280;3946;48.958;8.284;2022-01-25T01:26:31;102094.50;;;-2.07;100.00
163;BME280;3946;48.958;8.284;2022-01-25T01:29:34;102098.66;;;-2.13;100.00
163;BME280;3946;48.958;8.284;2022-01-25T01:32:35;102107.88;;;-2.18;100.00
163;BME280;3946;48.958;8.284;2022-01-25T01:35:56;102113.84;;;-2.16;100.00
163;BME280;3946;48.958;8.284;2022-01-25T01:39:10;102104.38;;;-2.24;100.00
163;BME280;3946;48.958;8.284;2022-01-25T01:42:18;102101.09;;;-2.19;100.00
163;BME280;3946;48.958;8.284;2022-01-25T01:45:35;102113.00;;;-2.16;100.00
163;BME280;3946;48.958;8.284;2022-01-25T01:48:41;102117.91;;;-2.24;100.00
163;BME280;3946;48.958;8.284;2022-01-25T01:51:35;102124.72;;;-2.23;100.00
163;BME280;3946;48.958;8.284;2022-01-25T01:54:23;102130.59;;;-2.24;100.00
163;BME280;3946;48.958;8.284;2022-01-25T01:57:09;102131.34;;;-2.31;100.00
163;BME280;3946;48.958;8.284;2022-01-25T01:59:54;102138.06;;;-2.33;100.00
163;BME280;3946;48.958;8.284;2022-01-25T02:02:40;102127.00;;;-2.36;100.00
163;BME280;3946;48.958;8.284;2022-01-25T02:05:27;102120.09;;;-2.45;100.00
163;BME280;3946;48.958;8.284;2022-01-25T02:08:13;102118.41;;;-2.44;100.00
163;BME280;3946;48.958;8.284;2022-01-25T02:10:59;102120.91;;;-2.48;100.00
163;BME280;3946;48.958;8.284;2022-01-25T02:13:45;102126.97;;;-2.38;100.00
163;BME280;3946;48.958;8.284;2022-01-25T02:16:31;102125.22;;;-2.43;100.00
163;BME280;3946;48.958;8.284;2022-01-25T02:19:24;102125.81;;;-2.55;100.00
163;BME280;3946;48.958;8.284;2022-01-25T02:22:29;102122.44;;;-2.56;100.00
163;BME280;3946;48.958;8.284;2022-01-25T02:25:16;102134.84;;;-2.69;100.00
163;BME280;3946;48.958;8.284;2022-01-25T02:28:01;102131.59;;;-2.64;100.00
163;BME280;3946;48.958;8.284;2022-01-25T02:30:47;102123.22;;;-2.58;100.00
163;BME280;3946;48.958;8.284;2022-01-25T02:33:33;102128.25;;;-2.61;100.00
163;BME280;3946;48.958;8.284;2022-01-25T02:36:22;102132.38;;;-2.66;100.00
163;BME280;3946;48.958;8.284;2022-01-25T02:39:11;102127.25;;;-2.69;100.00
163;BME280;3946;48.958;8.284;2022-01-25T02:41:56;102131.34;;;-2.77;100.00
163;BME280;3946;48.958;8.284;2022-01-25T02:44:42;102120.34;;;-2.76;100.00
163;BME280;3946;48.958;8.284;2022-01-25T02:47:28;102119.34;;;-2.85;100.00
163;BME280;3946;48.958;8.284;2022-01-25T02:50:31;102117.63;;;-2.86;100.00
163;BME280;3946;48.958;8.284;2022-01-25T02:53:17;102111.97;;;-2.72;100.00
163;BME280;3946;48.958;8.284;2022-01-25T02:56:04;102100.19;;;-2.69;100.00
163;BME280;3946;48.958;8.284;2022-01-25T02:58:49;102088.25;;;-2.76;100.00
163;BME280;3946;48.958;8.284;2022-01-25T03:01:36;102089.94;;;-2.76;100.00
163;BME280;3946;48.958;8.284;2022-01-25T03:04:22;102089.91;;;-2.78;100.00
163;BME280;3946;48.958;8.284;2022-01-25T03:07:08;102083.88;;;-2.83;100.00
163;BME280;3946;48.958;8.284;2022-01-25T03:09:53;102089.63;;;-2.90;100.00
163;BME280;3946;48.958;8.284;2022-01-25T03:12:40;102098.81;;;-2.97;100.00
163;BME280;3946;48.958;8.284;2022-01-25T03:15:30;102091.94;;;-3.02;100.00
163;BME280;3946;48.958;8.284;2022-01-25T03:18:36;102097.81;;;-3.05;100.00
163;BME280;3946;48.958;8.284;2022-01-25T03:21:29;102097.00;;;-3.02;100.00
163;BME280;3946;48.958;8.284;2022-01-25T03:24:23;102091.91;;;-2.60;100.00
163;BME280;3946;48.958;8.284;2022-01-25T03:27:09;102099.84;;;-2.40;100.00
163;BME280;3946;48.958;8.284;2022-01-25T03:29:56;102098.97;;;-2.44;100.00
163;BME280;3946;48.958;8.284;2022-01-25T03:32:41;102105.31;;;-2.67;100.00
163;BME280;3946;48.958;8.284;2022-01-25T03:35:26;102110.22;;;-2.75;100.00
163;BME280;3946;48.958;8.284;2022-01-25T03:38:12;102114.50;;;-2.72;100.00
163;BME280;3946;48.958;8.284;2022-01-25T03:40:57;102110.53;;;-2.60;100.00
163;BME280;3946;48.958;8.284;2022-01-25T03:43:43;102113.53;;;-2.79;100.00
163;BME280;3946;48.958;8.284;2022-01-25T03:46:35;102113.38;;;-2.87;100.00
163;BME280;3946;48.958;8.284;2022-01-25T03:49:26;102112.47;;;-2.90;100.00
163;BME280;3946;48.958;8.284;2022-01-25T03:52:29;102117.50;;;-2.92;100.00
163;BME280;3946;48.958;8.284;2022-01-25T03:55:18;102111.66;;;-2.88;100.00
163;BME280;3946;48.958;8.284;2022-01-25T03:58:04;102114.16;;;-2.89;100.00
163;BME280;3946;48.958;8.284;2022-01-25T04:00:50;102115.28;;;-2.75;100.00
163;BME280;3946;48.958;8.284;2022-01-25T04:03:37;102114.44;;;-2.77;100.00
163;BME280;3946;48.958;8.284;2022-01-25T04:06:28;102114.53;;;-2.71;100.00
163;BME280;3946;48.958;8.284;2022-01-25T04:09:16;102112.09;;;-2.66;100.00
163;BME280;3946;48.958;8.284;2022-01-25T04:12:02;102108.84;;;-2.58;100.00
163;BME280;3946;48.958;8.284;2022-01-25T04:14:47;102114.88;;;-2.53;100.00
163;BME280;3946;48.958;8.284;2022-01-25T04:17:33;102117.63;;;-2.40;100.00
163;BME280;3946;48.958;8.284;2022-01-25T04:20:21;102109.13;;;-2.42;100.00
163;BME280;3946;48.958;8.284;2022-01-25T04:23:10;102102.44;;;-2.39;100.00
163;BME280;3946;48.958;8.284;2022-01-25T04:26:13;102110.59;;;-2.07;100.00
163;BME280;3946;48.958;8.284;2022-01-25T04:28:58;102108.78;;;-2.14;100.00
163;BME280;3946;48.958;8.284;2022-01-25T04:31:43;102113.69;;;-2.23;100.00
163;BME280;3946;48.958;8.284;2022-01-25T04:34:29;102107.78;;;-2.22;100.00
163;BME280;3946;48.958;8.284;2022-01-25T04:37:28;102096.13;;;-2.13;100.00
163;BME280;3946;48.958;8.284;2022-01-25T04:40:31;102096.94;;;-2.15;100.00
163;BME280;3946;48.958;8.284;2022-01-25T04:43:35;102089.34;;;-2.14;100.00
163;BME280;3946;48.958;8.284;2022-01-25T04:46:38;102088.50;;;-2.13;100.00
163;BME280;3946;48.958;8.284;2022-01-25T04:49:41;102085.13;;;-2.10;100.00
163;BME280;3946;48.958;8.284;2022-01-25T04:52:32;102081.88;;;-2.03;100.00
163;BME280;3946;48.958;8.284;2022-01-25T04:55:26;102087.00;;;-2.00;100.00
163;BME280;3946;48.958;8.284;2022-01-25T04:58:18;102085.41;;;-1.95;100.00
163;BME280;3946;48.958;8.284;2022-01-25T05:01:10;102078.63;;;-1.96;100.00
163;BME280;3946;48.958;8.284;2022-01-25T05:03:55;102079.53;;;-1.91;100.00
163;BME280;3946;48.958;8.284;2022-01-25T05:06:46;102081.97;;;-1.98;100.00
163;BME280;3946;48.958;8.284;2022-01-25T05:09:36;102082.97;;;-1.87;100.00
163;BME280;3946;48.958;8.284;2022-01-25T05:12:22;102075.25;;;-1.95;100.00
163;BME280;3946;48.958;8.284;2022-01-25T05:15:19;102076.69;;;-2.12;100.00
163;BME280;3946;48.958;8.284;2022-01-25T05:18:07;102079.78;;;-2.27;100.00
163;BME280;3946;48.958;8.284;2022-01-25T05:20:58;102080.88;;;-2.14;100.00
163;BME280;3946;48.958;8.284;2022-01-25T05:24:01;102084.31;;;-2.09;100.00
163;BME280;3946;48.958;8.284;2022-01-25T05:26:47;102081.22;;;-1.91;100.00
163;BME280;3946;48.958;8.284;2022-01-25T05:29:33;102089.53;;;-2.01;100.00
163;BME280;3946;48.958;8.284;2022-01-25T05:32:18;102098.69;;;-2.09;100.00
163;BME280;3946;48.958;8.284;2022-01-25T05:35:04;102094.69;;;-1.97;100.00
163;BME280;3946;48.958;8.284;2022-01-25T05:37:49;102092.09;;;-2.00;100.00
163;BME280;3946;48.958;8.284;2022-01-25T05:40:35;102093.84;;;-1.96;100.00
163;BME280;3946;48.958;8.284;2022-01-25T05:43:32;102091.94;;;-2.09;100.00
163;BME280;3946;48.958;8.284;2022-01-25T05:46:51;102096.00;;;-2.20;100.00
163;BME280;3946;48.958;8.284;2022-01-25T05:49:50;102098.69;;;-2.09;100.00
163;BME280;3946;48.958;8.284;2022-01-25T05:52:35;102086.84;;;-2.12;100.00
163;BME280;3946;48.958;8.284;2022-01-25T05:55:20;102086.00;;;-2.09;100.00
163;BME280;3946;48.958;8.284;2022-01-25T05:58:06;102084.38;;;-2.06;100.00
163;BME280;3946;48.958;8.284;2022-01-25T06:00:53;102089.22;;;-2.20;100.00
163;BME280;3946;48.958;8.284;2022-01-25T06:03:38;102094.09;;;-2.32;100.00
163;BME280;3946;48.958;8.284;2022-01-25T06:06:26;102085.81;;;-2.22;100.00
163;BME280;3946;48.958;8.284;2022-01-25T06:09:12;102092.19;;;-2.45;100.00
163;BME280;3946;48.958;8.284;2022-01-25T06:11:57;102096.06;;;-2.16;100.00
163;BME280;3946;48.958;8.284;2022-01-25T06:14:43;102094.19;;;-2.26;100.00
163;BME280;3946;48.958;8.284;2022-01-25T06:17:30;102100.84;;;-2.34;100.00
163;BME280;3946;48.958;8.284;2022-01-25T06:20:16;102086.56;;;-2.26;100.00
163;BME280;3946;48.958;8.284;2022-01-25T06:23:02;102105.16;;;-2.30;100.00
163;BME280;3946;48.958;8.284;2022-01-25T06:25:47;102104.72;;;-2.03;100.00
163;BME280;3946;48.958;8.284;2022-01-25T06:28:33;102105.47;;;-2.08;100.00
163;BME280;3946;48.958;8.284;2022-01-25T06:31:18;102101.47;;;-1.96;100.00
163;BME280;3946;48.958;8.284;2022-01-25T06:34:05;102109.16;;;-1.91;100.00
163;BME280;3946;48.958;8.284;2022-01-25T06:36:50;102107.44;;;-1.92;100.00
163;BME280;3946;48.958;8.284;2022-01-25T06:39:35;102112.97;;;-2.18;100.00
163;BME280;3946;48.958;8.284;2022-01-25T06:42:21;102109.72;;;-2.07;100.00
163;BME280;3946;48.958;8.284;2022-01-25T06:45:08;102109.94;;;-1.95;100.00
163;BME280;3946;48.958;8.284;2022-01-25T06:47:57;102104.72;;;-2.03;100.00
163;BME280;3946;48.958;8.284;2022-01-25T06:50:44;102115.03;;;-1.95;100.00
163;BME280;3946;48.958;8.284;2022-01-25T06:53:30;102122.50;;;-2.03;100.00
163;BME280;3946;48.958;8.284;2022-01-25T06:56:15;102133.47;;;-2.05;100.00
163;BME280;3946;48.958;8.284;2022-01-25T06:59:00;102128.09;;;-2.22;100.00
163;BME280;3946;48.958;8.284;2022-01-25T07:01:46;102138.16;;;-2.27;100.00
163;BME280;3946;48.958;8.284;2022-01-25T07:04:31;102134.75;;;-2.30;100.00
163;BME280;3946;48.958;8.284;2022-01-25T07:07:18;102132.25;;;-2.27;100.00
163;BME280;3946;48.958;8.284;2022-01-25T07:10:06;102136.75;;;-2.13;100.00
163;BME280;3946;48.958;8.284;2022-01-25T07:12:51;102146.50;;;-2.35;100.00
163;BME280;3946;48.958;8.284;2022-01-25T07:15:37;102144.06;;;-2.29;100.00
163;BME280;3946;48.958;8.284;2022-01-25T07:18:22;102146.50;;;-2.34;100.00
163;BME280;3946;48.958;8.284;2022-01-25T07:21:07;102146.56;;;-2.31;100.00
163;BME280;3946;48.958;8.284;2022-01-25T07:23:54;102146.56;;;-2.31;100.00
163;BME280;3946;48.958;8.284;2022-01-25T07:26:40;102157.91;;;-2.11;100.00
163;BME280;3946;48.958;8.284;2022-01-25T07:29:26;102163.06;;;-2.07;100.00
163;BME280;3946;48.958;8.284;2022-01-25T07:32:11;102151.25;;;-2.05;100.00
163;BME280;3946;48.958;8.284;2022-01-25T07:34:56;102152.94;;;-2.04;100.00
163;BME280;3946;48.958;8.284;2022-01-25T07:37:42;102149.41;;;-2.14;100.00
163;BME280;3946;48.958;8.284;2022-01-25T07:40:29;102158.00;;;-2.06;100.00
163;BME280;3946;48.958;8.284;2022-01-25T07:43:15;102153.63;;;-2.15;100.00
163;BME280;3946;48.958;8.284;2022-01-25T07:46:03;102153.59;;;-2.16;100.00
163;BME280;3946;48.958;8.284;2022-01-25T07:48:49;102156.53;;;-2.40;100.00
163;BME280;3946;48.958;8.284;2022-01-25T07:51:34;102154.78;;;-2.45;100.00
163;BME280;3946;48.958;8.284;2022-01-25T07:54:20;102149.06;;;-2.34;100.00
163;BME280;3946;48.958;8.284;2022-01-25T07:57:07;102145.75;;;-2.30;100.00
163;BME280;3946;48.958;8.284;2022-01-25T07:59:52;102140.06;;;-2.17;100.00
163;BME280;3946;48.958;8.284;2022-01-25T08:02:38;102147.59;;;-2.21;100.00
163;BME280;3946;48.958;8.284;2022-01-25T08:05:25;102149.47;;;-2.11;100.00
163;BME280;3946;48.958;8.284;2022-01-25T08:08:10;102147.84;;;-2.06;100.00
163;BME280;3946;48.958;8.284;2022-01-25T08:10:56;102146.94;;;-2.09;100.00
163;BME280;3946;48.958;8.284;2022-01-25T08:13:43;102145.28;;;-2.07;100.00
163;BME280;3946;48.958;8.284;2022-01-25T08:16:32;102156.47;;;-1.98;100.00
163;BME280;3946;48.958;8.284;2022-01-25T08:19:18;102161.59;;;-1.95;100.00
163;BME280;3946;48.958;8.284;2022-01-25T08:22:04;102155.91;;;-1.80;100.00
163;BME280;3946;48.958;8.284;2022-01-25T08:24:50;102159.88;;;-1.96;100.00
163;BME280;3946;48.958;8.284;2022-01-25T08:27:35;102161.81;;;-1.81;100.00
163;BME280;3946;48.958;8.284;2022-01-25T08:30:22;102154.47;;;-1.64;100.00
163;BME280;3946;48.958;8.284;2022-01-25T08:33:07;102158.88;;;-1.51;100.00
163;BME280;3946;48.958;8.284;2022-01-25T08:35:53;102160.09;;;-1.25;100.00
163;BME280;3946;48.958;8.284;2022-01-25T08:38:39;102160.91;;;-1.30;100.00
163;BME280;3946;48.958;8.284;2022-01-25T08:41:25;102155.09;;;-1.20;100.00
163;BME280;3946;48.958;8.284;2022-01-25T08:44:10;102154.00;;;-1.37;100.00
163;BME280;3946;48.958;8.284;2022-01-25T08:46:57;102153.03;;;-1.44;100.00
163;BME280;3946;48.958;8.284;2022-01-25T08:49:43;102150.47;;;-1.49;100.00
163;BME280;3946;48.958;8.284;2022-01-25T08:52:28;102148.94;;;-1.36;100.00
163;BME280;3946;48.958;8.284;2022-01-25T08:55:14;102159.53;;;-1.06;100.00
163;BME280;3946;48.958;8.284;2022-01-25T08:58:00;102156.50;;;-0.76;100.00
163;BME280;3946;48.958;8.284;2022-01-25T09:00:45;102160.50;;;-0.97;100.00
163;BME280;3946;48.958;8.284;2022-01-25T09:03:32;102158.13;;;-0.82;100.00
163;BME280;3946;48.958;8.284;2022-01-25T09:06:17;102162.97;;;-1.02;100.00
163;BME280;3946;48.958;8.284;2022-01-25T09:09:04;102164.19;;;-0.71;100.00
163;BME280;3946;48.958;8.284;2022-01-25T09:11:51;102166.56;;;-0.86;100.00
163;BME280;3946;48.958;8.284;2022-01-25T09:14:36;102163.91;;;-0.94;100.00
163;BME280;3946;48.958;8.284;2022-01-25T09:17:21;102177.53;;;-0.89;100.00
163;BME280;3946;48.958;8.284;2022-01-25T09:20:09;102172.66;;;-0.74;100.00
163;BME280;3946;48.958;8.284;2022-01-25T09:22:55;102171.22;;;-0.52;100.00
163;BME280;3946;48.958;8.284;2022-01-25T09:25:40;102179.06;;;-0.29;100.00
163;BME280;3946;48.958;8.284;2022-01-25T09:28:26;102180.91;;;-0.19;100.00
163;BME280;3946;48.958;8.284;2022-01-25T09:31:11;102182.44;;;-0.33;100.00
163;BME280;3946;48.958;8.284;2022-01-25T09:33:57;102186.88;;;-0.12;100.00
163;BME280;3946;48.958;8.284;2022-01-25T09:36:44;102183.34;;;-0.28;100.00
163;BME280;3946;48.958;8.284;2022-01-25T09:39:30;102190.06;;;-0.34;100.00
163;BME280;3946;48.958;8.284;2022-01-25T09:42:16;102179.94;;;-0.27;100.00
163;BME280;3946;48.958;8.284;2022-01-25T09:45:04;102189.97;;;-0.44;100.00
163;BME280;3946;48.958;8.284;2022-01-25T09:47:50;102176.38;;;-0.43;100.00
163;BME280;3946;48.958;8.284;2022-01-25T09:50:37;102175.03;;;-0.10;100.00
163;BME280;3946;48.958;8.284;2022-01-25T09:53:23;102177.41;;;-0.25;100.00
163;BME280;3946;48.958;8.284;2022-01-25T09:56:09;102176.66;;;-0.18;100.00
163;BME280;3946;48.958;8.284;2022-01-25T09:58:54;102171.63;;;-0.11;100.00
163;BME280;3946;48.958;8.284;2022-01-25T10:01:40;102170.19;;;0.20;100.00
163;BME280;3946;48.958;8.284;2022-01-25T10:04:28;102178.81;;;0.36;100.00
163;BME280;3946;48.958;8.284;2022-01-25T10:07:14;102193.16;;;0.23;100.00
163;BME280;3946;48.958;8.284;2022-01-25T10:10:01;102190.72;;;0.32;100.00
163;BME280;3946;48.958;8.284;2022-01-25T10:12:46;102195.94;;;0.52;100.00
163;BME280;3946;48.958;8.284;2022-01-25T10:15:32;102196.66;;;0.31;100.00
163;BME280;3946;48.958;8.284;2022-01-25T10:18:17;102199.19;;;0.33;100.00
163;BME280;3946;48.958;8.284;2022-01-25T10:21:03;102202.63;;;0.40;100.00
163;BME280;3946;48.958;8.284;2022-01-25T10:24:07;102194.06;;;0.28;100.00
163;BME280;3946;48.958;8.284;2022-01-25T10:26:55;102191.78;;;0.62;100.00
163;BME280;3946;48.958;8.284;2022-01-25T10:29:41;102198.59;;;0.69;100.00
163;BME280;3946;48.958;8.284;2022-01-25T10:32:26;102200.09;;;0.41;100.00
163;BME280;3946;48.958;8.284;2022-01-25T10:35:13;102209.53;;;0.48;100.00
163;BME280;3946;48.958;8.284;2022-01-25T10:37:59;102210.38;;;0.52;100.00
163;BME280;3946;48.958;8.284;2022-01-25T10:40:52;102217.03;;;0.30;100.00
163;BME280;3946;48.958;8.284;2022-01-25T10:43:40;102204.28;;;0.34;100.00
163;BME280;3946;48.958;8.284;2022-01-25T10:46:28;102213.66;;;0.32;100.00
163;BME280;3946;48.958;8.284;2022-01-25T10:49:14;102214.47;;;0.28;100.00
163;BME280;3946;48.958;8.284;2022-01-25T10:51:59;102220.38;;;0.27;100.00
163;BME280;3946;48.958;8.284;2022-01-25T10:54:45;102214.38;;;0.21;100.00
163;BME280;3946;48.958;8.284;2022-01-25T10:57:31;102205.22;;;0.44;100.00
163;BME280;3946;48.958;8.284;2022-01-25T11:00:17;102213.44;;;0.10;100.00
163;BME280;3946;48.958;8.284;2022-01-25T11:03:04;102200.91;;;0.35;100.00
163;BME280;3946;48.958;8.284;2022-01-25T11:05:49;102199.41;;;0.62;100.00
163;BME280;3946;48.958;8.284;2022-01-25T11:08:36;102210.41;;;0.55;100.00
163;BME280;3946;48.958;8.284;2022-01-25T11:11:24;102205.28;;;0.53;100.00
163;BME280;3946;48.958;8.284;2022-01-25T11:14:09;102202.94;;;0.84;100.00
163;BME280;3946;48.958;8.284;2022-01-25T11:17:13;102208.84;;;0.75;100.00
163;BME280;3946;48.958;8.284;2022-01-25T11:20:01;102197.81;;;0.78;100.00
163;BME280;3946;48.958;8.284;2022-01-25T11:22:48;102203.59;;;0.52;100.00
163;BME280;3946;48.958;8.284;2022-01-25T11:25:36;102201.97;;;0.62;100.00
163;BME280;3946;48.958;8.284;2022-01-25T11:28:23;102201.19;;;0.75;100.00
163;BME280;3946;48.958;8.284;2022-01-25T11:31:14;102184.22;;;0.79;100.00
163;BME280;3946;48.958;8.284;2022-01-25T11:34:05;102197.06;;;0.92;100.00
163;BME280;3946;48.958;8.284;2022-01-25T11:36:54;102186.00;;;0.98;100.00
163;BME280;3946;48.958;8.284;2022-01-25T11:39:42;102189.34;;;0.83;100.00
163;BME280;3946;48.958;8.284;2022-01-25T11:42:27;102190.22;;;0.90;100.00
163;BME280;3946;48.958;8.284;2022-01-25T11:45:20;102190.25;;;0.93;100.00
163;BME280;3946;48.958;8.284;2022-01-25T11:48:05;102190.28;;;0.96;100.00
163;BME280;3946;48.958;8.284;2022-01-25T11:50:52;102187.75;;;1.02;100.00
163;BME280;3946;48.958;8.284;2022-01-25T11:53:40;102183.47;;;0.96;100.00
163;BME280;3946;48.958;8.284;2022-01-25T11:56:27;102186.97;;;1.12;100.00
163;BME280;3946;48.958;8.284;2022-01-25T11:59:13;102180.09;;;1.02;100.00
163;BME280;3946;48.958;8.284;2022-01-25T12:01:59;102181.00;;;1.18;100.00
163;BME280;3946;48.958;8.284;2022-01-25T12:04:45;102181.03;;;1.19;100.00
163;BME280;3946;48.958;8.284;2022-01-25T12:07:32;102177.66;;;1.32;100.00
163;BME280;3946;48.958;8.284;2022-01-25T12:10:30;102174.16;;;1.04;100.00
163;BME280;3946;48.958;8.284;2022-01-25T12:13:17;102178.53;;;1.34;100.00
163;BME280;3946;48.958;8.284;2022-01-25T12:16:24;102172.59;;;1.37;100.00
163;BME280;3946;48.958;8.284;2022-01-25T12:19:12;102175.19;;;1.46;100.00
163;BME280;3946;48.958;8.284;2022-01-25T12:25:07;102176.00;;;1.40;100.00
163;BME280;3946;48.958;8.284;2022-01-25T12:27:59;102176.09;;;1.74;100.00
163;BME280;3946;48.958;8.284;2022-01-25T12:30:51;102170.16;;;1.78;100.00
163;BME280;3946;48.958;8.284;2022-01-25T12:33:37;102167.56;;;1.69;100.00
163;BME280;3946;48.958;8.284;2022-01-25T12:36:33;102161.59;;;1.59;100.00
163;BME280;3946;48.958;8.284;2022-01-25T12:39:33;102155.66;;;1.82;100.00
163;BME280;3946;48.958;8.284;2022-01-25T12:42:21;102152.25;;;1.99;100.00
163;BME280;3946;48.958;8.284;2022-01-25T12:45:06;102152.19;;;1.54;100.00
163;BME280;3946;48.958;8.284;2022-01-25T12:47:52;102148.00;;;1.77;100.00
163;BME280;3946;48.958;8.284;2022-01-25T12:50:39;102145.44;;;1.74;100.00
163;BME280;3946;48.958;8.284;2022-01-25T12:53:28;102143.72;;;1.61;100.00
163;BME280;3946;48.958;8.284;2022-01-25T12:56:15;102137.75;;;1.69;100.00
163;BME280;3946;48.958;8.284;2022-01-25T12:59:05;102144.59;;;1.75;100.00
163;BME280;3946;48.958;8.284;2022-01-25T13:01:50;102142.00;;;1.57;100.00
163;BME280;3946;48.958;8.284;2022-01-25T13:04:39;102138.63;;;1.61;100.00
163;BME280;3946;48.958;8.284;2022-01-25T13:07:24;102128.38;;;1.61;100.00
163;BME280;3946;48.958;8.284;2022-01-25T13:10:10;102125.84;;;1.79;100.00
163;BME280;3946;48.958;8.284;2022-01-25T13:12:57;102134.38;;;2.16;100.00
163;BME280;3946;48.958;8.284;2022-01-25T13:15:59;102131.00;;;2.11;100.00
163;BME280;3946;48.958;8.284;2022-01-25T13:18:44;102132.69;;;1.94;100.00
163;BME280;3946;48.958;8.284;2022-01-25T13:21:36;102129.28;;;2.10;100.00
163;BME280;3946;48.958;8.284;2022-01-25T13:24:26;102133.53;;;2.22;100.00
163;BME280;3946;48.958;8.284;2022-01-25T13:27:16;102125.81;;;2.54;100.00
163;BME280;3946;48.958;8.284;2022-01-25T13:30:07;102133.50;;;2.46;100.00
163;BME280;3946;48.958;8.284;2022-01-25T13:33:14;102126.72;;;2.24;100.00
163;BME280;3946;48.958;8.284;2022-01-25T13:36:04;102125.78;;;2.75;100.00
163;BME280;3946;48.958;8.284;2022-01-25T13:38:54;102117.28;;;2.50;100.00
163;BME280;3946;48.958;8.284;2022-01-25T13:42:01;102116.44;;;2.45;100.00
163;BME280;3946;48.958;8.284;2022-01-25T13:44:47;102123.22;;;2.67;100.00
163;BME280;3946;48.958;8.284;2022-01-25T13:48:04;102119.88;;;2.38;100.00
163;BME280;3946;48.958;8.284;2022-01-25T13:50:54;102115.53;;;2.72;100.00
163;BME280;3946;48.958;8.284;2022-01-25T13:53:49;102112.09;;;2.84;100.00
163;BME280;3946;48.958;8.284;2022-01-25T13:57:06;102117.25;;;2.64;100.00
163;BME280;3946;48.958;8.284;2022-01-25T13:59:53;102115.50;;;2.78;100.00
163;BME280;3946;48.958;8.284;2022-01-25T14:02:39;102122.31;;;2.88;100.00
163;BME280;3946;48.958;8.284;2022-01-25T14:05:25;102113.72;;;3.01;100.00
163;BME280;3946;48.958;8.284;2022-01-25T14:08:12;102115.59;;;2.46;100.00
163;BME280;3946;48.958;8.284;2022-01-25T14:10:57;102116.47;;;2.39;100.00
163;BME280;3946;48.958;8.284;2022-01-25T14:13:46;102118.13;;;2.55;100.00
163;BME280;3946;48.958;8.284;2022-01-25T14:16:50;102119.00;;;2.45;100.00
163;BME280;3946;48.958;8.284;2022-01-25T14:19:55;102113.06;;;2.35;100.00
163;BME280;3946;48.958;8.284;2022-01-25T14:22:59;102111.38;;;2.05;100.00
163;BME280;3946;48.958;8.284;2022-01-25T14:26:08;102106.25;;;2.19;100.00
163;BME280;3946;48.958;8.284;2022-01-25T14:28:55;102110.47;;;2.55;100.00
163;BME280;3946;48.958;8.284;2022-01-25T14:31:50;102105.41;;;2.23;100.00
163;BME280;3946;48.958;8.284;2022-01-25T14:34:38;102102.78;;;2.49;100.00
163;BME280;3946;48.958;8.284;2022-01-25T14:37:23;102103.66;;;2.46;100.00
163;BME280;3946;48.958;8.284;2022-01-25T14:40:11;102104.50;;;2.49;100.00
163;BME280;3946;48.958;8.284;2022-01-25T14:43:03;102107.13;;;2.27;100.00
163;BME280;3946;48.958;8.284;2022-01-25T14:45:58;102106.25;;;2.16;100.00
163;BME280;3946;48.958;8.284;2022-01-25T14:48:45;102105.41;;;2.22;100.00
163;BME280;3946;48.958;8.284;2022-01-25T14:51:32;102107.94;;;2.37;100.00
163;BME280;3946;48.958;8.284;2022-01-25T14:54:20;102108.78;;;2.42;100.00
163;BME280;3946;48.958;8.284;2022-01-25T14:57:08;102104.56;;;2.24;100.00
163;BME280;3946;48.958;8.284;2022-01-25T14:59:57;102106.25;;;2.24;100.00
163;BME280;3946;48.958;8.284;2022-01-25T15:02:44;102103.72;;;1.93;100.00
163;BME280;3946;48.958;8.284;2022-01-25T15:05:31;102110.50;;;2.13;100.00
163;BME280;3946;48.958;8.284;2022-01-25T15:08:19;102115.63;;;2.14;100.00
163;BME280;3946;48.958;8.284;2022-01-25T15:11:04;102107.97;;;1.99;100.00
163;BME280;3946;48.958;8.284;2022-01-25T15:13:50;102110.53;;;1.87;100.00
163;BME280;3946;48.958;8.284;2022-01-25T15:16:42;102113.06;;;1.82;100.00
163;BME280;3946;48.958;8.284;2022-01-25T15:19:27;102118.19;;;1.70;100.00
163;BME280;3946;48.958;8.284;2022-01-25T15:22:13;102110.50;;;1.59;100.00
163;BME280;3946;48.958;8.284;2022-01-25T15:25:02;102113.00;;;1.38;100.00
163;BME280;3946;48.958;8.284;2022-01-25T15:27:47;102113.06;;;1.71;100.00
163;BME280;3946;48.958;8.284;2022-01-25T15:30:34;102119.88;;;1.82;100.00
163;BME280;3946;48.958;8.284;2022-01-25T15:33:21;102116.50;;;1.95;100.00
163;BME280;3946;48.958;8.284;2022-01-25T15:36:08;102117.31;;;1.83;100.00
163;BME280;3946;48.958;8.284;2022-01-25T15:38:54;102106.28;;;1.93;100.00
163;BME280;3946;48.958;8.284;2022-01-25T15:41:39;102119.88;;;1.80;100.00
163;BME280;3946;48.958;8.284;2022-01-25T15:44:25;102123.28;;;1.68;100.00
163;BME280;3946;48.958;8.284;2022-01-25T15:47:19;102116.44;;;1.55;100.00
163;BME280;3946;48.958;8.284;2022-01-25T15:50:06;102124.97;;;1.65;100.00
163;BME280;3946;48.958;8.284;2022-01-25T15:52:52;102130.06;;;1.63;100.00
163;BME280;3946;48.958;8.284;2022-01-25T15:55:38;102126.69;;;1.58;100.00
163;BME280;3946;48.958;8.284;2022-01-25T15:58:23;102123.25;;;1.53;100.00
163;BME280;3946;48.958;8.284;2022-01-25T16:01:09;102131.75;;;1.48;100.00
163;BME280;3946;48.958;8.284;2022-01-25T16:03:55;102126.69;;;1.61;100.00
163;BME280;3946;48.958;8.284;2022-01-25T16:06:45;102124.09;;;1.42;100.00
163;BME280;3946;48.958;8.284;2022-01-25T16:09:31;102131.72;;;1.26;100.00
163;BME280;3946;48.958;8.284;2022-01-25T16:12:16;102120.56;;;1.04;100.00
163;BME280;3946;48.958;8.284;2022-01-25T16:15:05;102129.94;;;1.16;100.00
163;BME280;3946;48.958;8.284;2022-01-25T16:17:50;102118.81;;;1.00;100.00
163;BME280;3946;48.958;8.284;2022-01-25T16:20:36;102112.94;;;1.14;100.00
163;BME280;3946;48.958;8.284;2022-01-25T16:23:25;102124.09;;;1.40;100.00
163;BME280;3946;48.958;8.284;2022-01-25T16:26:11;102124.91;;;1.28;100.00
163;BME280;3946;48.958;8.284;2022-01-25T16:28:58;102114.66;;;1.21;100.00
163;BME280;3946;48.958;8.284;2022-01-25T16:31:44;102110.47;;;1.39;100.00
163;BME280;3946;48.958;8.284;2022-01-25T16:34:29;102118.91;;;1.17;100.00
163;BME280;3946;48.958;8.284;2022-01-25T16:37:14;102112.97;;;1.21;100.00
163;BME280;3946;48.958;8.284;2022-01-25T16:40:02;102116.41;;;1.34;100.00
163;BME280;3946;48.958;8.284;2022-01-25T16:42:48;102126.66;;;1.45;100.00
163;BME280;3946;48.958;8.284;2022-01-25T16:45:33;102127.50;;;1.51;100.00
163;BME280;3946;48.958;8.284;2022-01-25T16:48:20;102127.47;;;1.28;100.00
163;BME280;3946;48.958;8.284;2022-01-25T16:51:05;102112.09;;;1.19;100.00
163;BME280;3946;48.958;8.284;2022-01-25T16:53:50;102120.59;;;1.20;100.00
163;BME280;3946;48.958;8.284;2022-01-25T16:56:37;102124.94;;;1.47;100.00
163;BME280;3946;48.958;8.284;2022-01-25T16:59:22;102122.41;;;1.54;100.00
163;BME280;3946;48.958;8.284;2022-01-25T17:02:08;102120.69;;;1.47;100.00
163;BME280;3946;48.958;8.284;2022-01-25T17:04:56;102125.78;;;1.43;100.00
163;BME280;3946;48.958;8.284;2022-01-25T17:07:44;102127.50;;;1.51;100.00
163;BME280;3946;48.958;8.284;2022-01-25T17:10:29;102124.94;;;1.39;100.00
163;BME280;3946;48.958;8.284;2022-01-25T17:13:16;102128.34;;;1.39;100.00
163;BME280;3946;48.958;8.284;2022-01-25T17:16:01;102113.00;;;1.39;100.00
163;BME280;3946;48.958;8.284;2022-01-25T17:18:47;102120.69;;;1.39;100.00
163;BME280;3946;48.958;8.284;2022-01-25T17:21:34;102123.19;;;1.27;100.00
163;BME280;3946;48.958;8.284;2022-01-25T17:24:19;102124.06;;;1.34;100.00
163;BME280;3946;48.958;8.284;2022-01-25T17:27:05;102126.59;;;1.25;100.00
163;BME280;3946;48.958;8.284;2022-01-25T17:29:52;102124.00;;;1.16;100.00
163;BME280;3946;48.958;8.284;2022-01-25T17:32:38;102107.03;;;1.28;100.00
163;BME280;3946;48.958;8.284;2022-01-25T17:35:24;102120.69;;;1.41;100.00
163;BME280;3946;48.958;8.284;2022-01-25T17:38:09;102125.72;;;1.23;100.00
163;BME280;3946;48.958;8.284;2022-01-25T17:40:55;102117.25;;;1.30;100.00
163;BME280;3946;48.958;8.284;2022-01-25T17:43:41;102118.94;;;1.34;100.00
163;BME280;3946;48.958;8.284;2022-01-25T17:46:28;102119.78;;;1.24;100.00
163;BME280;3946;48.958;8.284;2022-01-25T17:49:13;102107.84;;;1.21;100.00
163;BME280;3946;48.958;8.284;2022-01-25T17:51:59;102116.41;;;1.34;100.00
163;BME280;3946;48.958;8.284;2022-01-25T17:54:44;102120.63;;;1.30;100.00
163;BME280;3946;48.958;8.284;2022-01-25T17:57:30;102124.09;;;1.45;100.00
163;BME280;3946;48.958;8.284;2022-01-25T18:00:16;102122.31;;;1.19;100.00
163;BME280;3946;48.958;8.284;2022-01-25T18:03:03;102121.44;;;1.11;100.00
163;BME280;3946;48.958;8.284;2022-01-25T18:05:49;102125.66;;;1.06;100.00
163;BME280;3946;48.958;8.284;2022-01-25T18:08:34;102133.34;;;1.11;100.00
163;BME280;3946;48.958;8.284;2022-01-25T18:11:21;102135.94;;;1.21;100.00
163;BME280;3946;48.958;8.284;2022-01-25T18:14:06;102134.19;;;1.16;100.00
163;BME280;3946;48.958;8.284;2022-01-25T18:16:52;102130.81;;;1.20;100.00
163;BME280;3946;48.958;8.284;2022-01-25T18:19:39;102137.59;;;1.16;100.00
163;BME280;3946;48.958;8.284;2022-01-25T18:22:27;102141.91;;;1.25;100.00
163;BME280;3946;48.958;8.284;2022-01-25T18:25:18;102147.09;;;1.54;100.00
163;BME280;3946;48.958;8.284;2022-01-25T18:28:25;102143.69;;;1.53;100.00
163;BME280;3946;48.958;8.284;2022-01-25T18:31:11;102145.38;;;1.50;100.00
163;BME280;3946;48.958;8.284;2022-01-25T18:33:56;102149.56;;;1.31;100.00
163;BME280;3946;48.958;8.284;2022-01-25T18:36:47;102147.00;;;1.23;100.00
163;BME280;3946;48.958;8.284;2022-01-25T18:39:33;102136.00;;;1.39;100.00
163;BME280;3946;48.958;8.284;2022-01-25T18:42:18;102138.50;;;1.24;100.00
163;BME280;3946;48.958;8.284;2022-01-25T18:45:06;102130.84;;;1.26;100.00
163;BME280;3946;48.958;8.284;2022-01-25T18:47:51;102125.69;;;1.11;100.00
163;BME280;3946;48.958;8.284;2022-01-25T18:50:36;102118.09;;;1.35;100.00
163;BME280;3946;48.958;8.284;2022-01-25T18:53:23;102129.13;;;1.20;100.00
163;BME280;3946;48.958;8.284;2022-01-25T18:56:09;102124.06;;;1.38;100.00
163;BME280;3946;48.958;8.284;2022-01-25T18:58:56;102125.75;;;1.36;100.00
163;BME280;3946;48.958;8.284;2022-01-25T19:01:42;102117.22;;;1.22;100.00
163;BME280;3946;48.958;8.284;2022-01-25T19:04:28;102120.66;;;1.29;100.00
163;BME280;3946;48.958;8.284;2022-01-25T19:07:14;102118.81;;;0.94;100.00
163;BME280;3946;48.958;8.284;2022-01-25T19:10:00;102119.75;;;1.12;100.00
163;BME280;3946;48.958;8.284;2022-01-25T19:12:49;102120.56;;;1.06;100.00
163;BME280;3946;48.958;8.284;2022-01-25T19:15:35;102121.44;;;1.13;100.00
163;BME280;3946;48.958;8.284;2022-01-25T19:18:20;102126.47;;;0.93;100.00
163;BME280;3946;48.958;8.284;2022-01-25T19:21:06;102117.09;;;0.92;100.00
163;BME280;3946;48.958;8.284;2022-01-25T19:23:51;102118.84;;;0.97;100.00
163;BME280;3946;48.958;8.284;2022-01-25T19:26:38;102127.34;;;1.02;100.00
163;BME280;3946;48.958;8.284;2022-01-25T19:29:24;102124.00;;;1.19;100.00
163;BME280;3946;48.958;8.284;2022-01-25T19:32:10;102126.47;;;0.99;100.00
163;BME280;3946;48.958;8.284;2022-01-25T19:34:55;102128.97;;;0.85;100.00
163;BME280;3946;48.958;8.284;2022-01-25T19:37:41;102125.59;;;0.91;100.00
163;BME280;3946;48.958;8.284;2022-01-25T19:40:27;102129.03;;;0.93;100.00
163;BME280;3946;48.958;8.284;2022-01-25T19:43:15;102123.94;;;0.99;100.00
163;BME280;3946;48.958;8.284;2022-01-25T19:46:02;102123.94;;;0.96;100.00
163;BME280;3946;48.958;8.284;2022-01-25T19:48:48;102122.25;;;1.05;100.00
163;BME280;3946;48.958;8.284;2022-01-25T19:51:34;102124.78;;;0.93;100.00
163;BME280;3946;48.958;8.284;2022-01-25T19:54:20;102115.38;;;0.89;100.00
163;BME280;3946;48.958;8.284;2022-01-25T19:57:11;102120.47;;;0.88;100.00
163;BME280;3946;48.958;8.284;2022-01-25T19:59:58;102118.84;;;0.96;100.00
163;BME280;3946;48.958;8.284;2022-01-25T20:02:44;102127.25;;;0.80;100.00
163;BME280;3946;48.958;8.284;2022-01-25T20:05:29;102122.22;;;0.93;100.00
163;BME280;3946;48.958;8.284;2022-01-25T20:08:14;102123.84;;;0.82;100.00
163;BME280;3946;48.958;8.284;2022-01-25T20:11:00;102117.81;;;0.63;100.00
163;BME280;3946;48.958;8.284;2022-01-25T20:13:48;102108.50;;;0.70;100.00
163;BME280;3946;48.958;8.284;2022-01-25T20:16:34;102105.22;;;0.95;100.00
163;BME280;3946;48.958;8.284;2022-01-25T20:19:20;102108.63;;;0.97;100.00
163;BME280;3946;48.958;8.284;2022-01-25T20:22:05;102103.53;;;1.00;100.00
163;BME280;3946;48.958;8.284;2022-01-25T20:24:56;102104.38;;;1.04;100.00
163;BME280;3946;48.958;8.284;2022-01-25T20:27:49;102104.38;;;0.99;100.00
163;BME280;3946;48.958;8.284;2022-01-25T20:30:39;102099.19;;;0.80;100.00
163;BME280;3946;48.958;8.284;2022-01-25T20:33:36;102100.06;;;0.80;100.00
163;BME280;3946;48.958;8.284;2022-01-25T20:36:24;102096.69;;;0.90;100.00
163;BME280;3946;48.958;8.284;2022-01-25T20:39:11;102093.31;;;1.00;100.00
163;BME280;3946;48.958;8.284;2022-01-25T20:41:58;102096.69;;;0.92;100.00
163;BME280;3946;48.958;8.284;2022-01-25T20:44:43;102088.22;;;1.00;100.00
163;BME280;3946;48.958;8.284;2022-01-25T20:47:29;102100.06;;;0.88;100.00
163;BME280;3946;48.958;8.284;2022-01-25T20:50:16;102095.00;;;0.92;100.00
163;BME280;3946;48.958;8.284;2022-01-25T20:53:01;102087.38;;;1.04;100.00
163;BME280;3946;48.958;8.284;2022-01-25T20:55:47;102093.31;;;0.93;100.00
163;BME280;3946;48.958;8.284;2022-01-25T20:58:33;102095.03;;;1.01;100.00
163;BME280;3946;48.958;8.284;2022-01-25T21:01:18;102097.56;;;1.00;100.00
163;BME280;3946;48.958;8.284;2022-01-25T21:04:05;102088.22;;;0.97;100.00
163;BME280;3946;48.958;8.284;2022-01-25T21:07:17;102094.19;;;1.02;100.00
163;BME280;3946;48.958;8.284;2022-01-25T21:10:02;102086.50;;;0.98;100.00
163;BME280;3946;48.958;8.284;2022-01-25T21:12:49;102087.34;;;0.94;100.00
163;BME280;3946;48.958;8.284;2022-01-25T21:15:35;102082.19;;;0.80;100.00
163;BME280;3946;48.958;8.284;2022-01-25T21:18:21;102084.72;;;0.76;100.00
163;BME280;3946;48.958;8.284;2022-01-25T21:21:07;102081.41;;;0.96;100.00
163;BME280;3946;48.958;8.284;2022-01-25T21:23:54;102078.00;;;0.94;100.00
163;BME280;3946;48.958;8.284;2022-01-25T21:26:41;102079.72;;;1.03;100.00
163;BME280;3946;48.958;8.284;2022-01-25T21:29:29;102072.81;;;0.73;100.00
163;BME280;3946;48.958;8.284;2022-01-25T21:32:14;102082.13;;;0.69;100.00
163;BME280;3946;48.958;8.284;2022-01-25T21:34:59;102081.31;;;0.75;100.00
163;BME280;3946;48.958;8.284;2022-01-25T21:37:45;102080.47;;;0.75;100.00
163;BME280;3946;48.958;8.284;2022-01-25T21:40:31;102072.84;;;0.79;100.00
163;BME280;3946;48.958;8.284;2022-01-25T21:43:18;102069.50;;;1.00;100.00
163;BME280;3946;48.958;8.284;2022-01-25T21:46:04;102077.06;;;0.73;100.00
163;BME280;3946;48.958;8.284;2022-01-25T21:48:49;102076.22;;;0.77;100.00
163;BME280;3946;48.958;8.284;2022-01-25T21:51:34;102075.47;;;1.02;100.00
163;BME280;3946;48.958;8.284;2022-01-25T21:54:19;102083.97;;;0.95;100.00
163;BME280;3946;48.958;8.284;2022-01-25T21:57:06;102083.03;;;0.82;100.00
163;BME280;3946;48.958;8.284;2022-01-25T21:59:52;102086.38;;;0.63;100.00
163;BME280;3946;48.958;8.284;2022-01-25T22:02:38;102088.13;;;0.76;100.00
163;BME280;3946;48.958;8.284;2022-01-25T22:05:28;102041.16;;;0.34;100.00
163;BME280;3946;48.958;8.284;2022-01-25T22:08:17;102088.91;;;0.67;100.00
163;BME280;3946;48.958;8.284;2022-01-25T22:11:13;102080.34;;;0.52;100.00
163;BME280;3946;48.958;8.284;2022-01-25T22:14:05;102087.25;;;0.74;100.00
163;BME280;3946;48.958;8.284;2022-01-25T22:16:55;102088.97;;;0.74;100.00
163;BME280;3946;48.958;8.284;2022-01-25T22:19:41;102087.19;;;0.57;100.00
163;BME280;3946;48.958;8.284;2022-01-25T22:22:26;102085.50;;;0.59;100.00
163;BME280;3946;48.958;8.284;2022-01-25T22:25:14;102086.44;;;0.78;100.00
163;BME280;3946;48.958;8.284;2022-01-25T22:28:04;102077.91;;;0.73;100.00
163;BME280;3946;48.958;8.284;2022-01-25T22:30:52;102084.72;;;0.76;100.00
163;BME280;3946;48.958;8.284;2022-01-25T22:33:38;102085.50;;;0.67;100.00
163;BME280;3946;48.958;8.284;2022-01-25T22:36:24;102087.28;;;0.76;100.00
163;BME280;3946;48.958;8.284;2022-01-25T22:39:09;102075.31;;;0.67;100.00
163;BME280;3946;48.958;8.284;2022-01-25T22:41:56;102078.72;;;0.63;100.00
163;BME280;3946;48.958;8.284;2022-01-25T22:44:42;102071.94;;;0.65;100.00
163;BME280;3946;48.958;8.284;2022-01-25T22:47:29;102072.75;;;0.59;100.00
163;BME280;3946;48.958;8.284;2022-01-25T22:50:24;102076.97;;;0.56;100.00
163;BME280;3946;48.958;8.284;2022-01-25T22:53:10;102077.78;;;0.47;100.00
163;BME280;3946;48.958;8.284;2022-01-25T22:55:56;102082.13;;;0.63;100.00
163;BME280;3946;48.958;8.284;2022-01-25T22:58:43;102065.09;;;0.65;100.00
163;BME280;3946;48.958;8.284;2022-01-25T23:01:40;102073.59;;;0.61;100.00
163;BME280;3946;48.958;8.284;2022-01-25T23:04:27;102073.59;;;0.66;100.00
163;BME280;3946;48.958;8.284;2022-01-25T23:07:14;102079.56;;;0.62;100.00
163;BME280;3946;48.958;8.284;2022-01-25T23:09:59;102079.56;;;0.60;100.00
163;BME280;3946;48.958;8.284;2022-01-25T23:12:45;102073.59;;;0.66;100.00
163;BME280;3946;48.958;8.284;2022-01-25T23:15:59;102074.47;;;0.68;100.00
163;BME280;3946;48.958;8.284;2022-01-25T23:18:48;102080.44;;;0.70;100.00
163;BME280;3946;48.958;8.284;2022-01-25T23:21:40;102082.97;;;0.68;100.00
163;BME280;3946;48.958;8.284;2022-01-25T23:24:25;102080.34;;;0.53;100.00
163;BME280;3946;48.958;8.284;2022-01-25T23:27:10;102081.25;;;0.67;100.00
163;BME280;3946;48.958;8.284;2022-01-25T23:29:57;102070.13;;;0.46;100.00
163;BME280;3946;48.958;8.284;2022-01-25T23:32:52;102068.41;;;0.43;100.00
163;BME280;3946;48.958;8.284;2022-01-25T23:35:51;102089.78;;;0.65;100.00
163;BME280;3946;48.958;8.284;2022-01-25T23:38:44;102085.50;;;0.59;100.00
163;BME280;3946;48.958;8.284;2022-01-25T23:41:34;102083.78;;;0.58;100.00
163;BME280;3946;48.958;8.284;2022-01-25T23:44:23;102080.56;;;0.94;100.00
163;BME280;3946;48.958;8.284;2022-01-25T23:47:14;102079.56;;;0.66;100.00
163;BME280;3946;48.958;8.284;2022-01-25T23:50:10;102080.41;;;0.67;100.00
163;BME280;3946;48.958;8.284;2022-01-25T23:53:00;102091.53;;;0.84;100.00
163;BME280;3946;48.958;8.284;2022-01-25T23:56:04;102085.59;;;0.81;100.00
163;BME280;3946;48.958;8.284;2022-01-25T23:59:08;102080.41;;;0.65;100.00
