sensor_id;sensor_type;location;lat;lon;timestamp;P1;durP1;ratioP1;P2;durP2;ratioP2
1000;SDS011;489;47.806;12.858;2023-01-02T00:00:51;3.80;;;3.10;;
1000;SDS011;489;47.806;12.858;2023-01-02T00:02:53;3.23;;;2.90;;
1000;SDS011;489;47.806;12.858;2023-01-02T00:04:56;3.93;;;3.50;;
1000;SDS011;489;47.806;12.858;2023-01-02T00:06:57;3.40;;;3.10;;
1000;SDS011;489;47.806;12.858;2023-01-02T00:08:59;4.03;;;3.20;;
1000;SDS011;489;47.806;12.858;2023-01-02T00:11:01;3.73;;;3.23;;
1000;SDS011;489;47.806;12.858;2023-01-02T00:13:03;4.17;;;3.40;;
1000;SDS011;489;47.806;12.858;2023-01-02T00:15:05;3.70;;;3.17;;
1000;SDS011;489;47.806;12.858;2023-01-02T00:17:07;2.70;;;2.43;;
1000;SDS011;489;47.806;12.858;2023-01-02T00:19:08;4.90;;;3.70;;
1000;SDS011;489;47.806;12.858;2023-01-02T00:21:12;5.30;;;3.70;;
1000;SDS011;489;47.806;12.858;2023-01-02T00:23:13;3.07;;;2.67;;
1000;SDS011;489;47.806;12.858;2023-01-02T00:25:15;2.80;;;2.40;;
1000;SDS011;489;47.806;12.858;2023-01-02T00:27:17;3.17;;;2.47;;
1000;SDS011;489;47.806;12.858;2023-01-02T00:29:18;3.53;;;2.70;;
1000;SDS011;489;47.806;12.858;2023-01-02T00:31:20;3.60;;;2.67;;
1000;SDS011;489;47.806;12.858;2023-01-02T00:33:22;3.10;;;2.07;;
1000;SDS011;489;47.806;12.858;2023-01-02T00:35:23;2.57;;;2.37;;
1000;SDS011;489;47.806;12.858;2023-01-02T00:37:27;2.63;;;2.10;;
1000;SDS011;489;47.806;12.858;2023-01-02T00:39:28;2.83;;;2.00;;
1000;SDS011;489;47.806;12.858;2023-01-02T00:41:30;3.50;;;2.20;;
1000;SDS011;489;47.806;12.858;2023-01-02T00:43:32;2.30;;;2.10;;
1000;SDS011;489;47.806;12.858;2023-01-02T00:45:33;3.73;;;2.37;;
1000;SDS011;489;47.806;12.858;2023-01-02T00:47:35;3.07;;;2.13;;
1000;SDS011;489;47.806;12.858;2023-01-02T00:49:37;3.17;;;2.77;;
1000;SDS011;489;47.806;12.858;2023-01-02T00:51:38;3.90;;;3.37;;
1000;SDS011;489;47.806;12.858;2023-01-02T00:53:42;3.03;;;2.70;;
1000;SDS011;489;47.806;12.858;2023-01-02T00:55:43;2.70;;;2.50;;
1000;SDS011;489;47.806;12.858;2023-01-02T00:57:45;2.60;;;2.40;;
1000;SDS011;489;47.806;12.858;2023-01-02T00:59:47;2.37;;;2.17;;
1000;SDS011;489;47.806;12.858;2023-01-02T01:01:48;2.77;;;2.50;;
1000;SDS011;489;47.806;12.858;2023-01-02T01:03:50;3.10;;;2.40;;
1000;SDS011;489;47.806;12.858;2023-01-02T01:05:52;3.20;;;2.47;;
1000;SDS011;489;47.806;12.858;2023-01-02T01:07:54;2.73;;;2.47;;
1000;SDS011;489;47.806;12.858;2023-01-02T01:09:58;3.23;;;2.47;;
1000;SDS011;489;47.806;12.858;2023-01-02T01:12:00;3.23;;;2.60;;
1000;SDS011;489;47.806;12.858;2023-01-02T01:14:01;3.50;;;2.63;;
1000;SDS011;489;47.806;12.858;2023-01-02T01:16:04;2.90;;;2.50;;
1000;SDS011;489;47.806;12.858;2023-01-02T01:18:06;4.77;;;4.40;;
1000;SDS011;489;47.806;12.858;2023-01-02T01:20:08;5.43;;;4.93;;
1000;SDS011;489;47.806;12.858;2023-01-02T01:22:11;3.43;;;3.13;;
1000;SDS011;489;47.806;12.858;2023-01-02T01:24:13;3.47;;;3.17;;
1000;SDS011;489;47.806;12.858;2023-01-02T01:26:17;5.13;;;4.63;;
1000;SDS011;489;47.806;12.858;2023-01-02T01:28:19;4.63;;;4.33;;
1000;SDS011;489;47.806;12.858;2023-01-02T01:30:21;4.40;;;4.00;;
1000;SDS011;489;47.806;12.858;2023-01-02T01:32:22;7.20;;;6.70;;
1000;SDS011;489;47.806;12.858;2023-01-02T01:34:24;4.10;;;3.80;;
1000;SDS011;489;47.806;12.858;2023-01-02T01:36:25;4.00;;;3.60;;
1000;SDS011;489;47.806;12.858;2023-01-02T01:38:27;4.00;;;3.60;;
1000;SDS011;489;47.806;12.858;2023-01-02T01:40:35;3.13;;;2.93;;
1000;SDS011;489;47.806;12.858;2023-01-02T01:42:39;2.60;;;2.40;;
1000;SDS011;489;47.806;12.858;2023-01-02T01:44:44;2.73;;;1.93;;
1000;SDS011;489;47.806;12.858;2023-01-02T01:46:47;2.00;;;1.80;;
1000;SDS011;489;47.806;12.858;2023-01-02T01:48:53;2.07;;;1.87;;
1000;SDS011;489;47.806;12.858;2023-01-02T01:50:59;2.60;;;2.20;;
1000;SDS011;489;47.806;12.858;2023-01-02T01:53:02;3.57;;;2.37;;
1000;SDS011;489;47.806;12.858;2023-01-02T01:55:06;4.33;;;2.50;;
1000;SDS011;489;47.806;12.858;2023-01-02T01:57:10;2.23;;;2.03;;
1000;SDS011;489;47.806;12.858;2023-01-02T01:59:14;2.20;;;2.00;;
1000;SDS011;489;47.806;12.858;2023-01-02T02:01:17;3.40;;;2.60;;
1000;SDS011;489;47.806;12.858;2023-01-02T02:03:19;2.80;;;2.30;;
1000;SDS011;489;47.806;12.858;2023-01-02T02:05:23;2.10;;;1.87;;
1000;SDS011;489;47.806;12.858;2023-01-02T02:07:27;2.80;;;2.07;;
1000;SDS011;489;47.806;12.858;2023-01-02T02:09:30;2.90;;;2.40;;
1000;SDS011;489;47.806;12.858;2023-01-02T02:11:34;2.43;;;1.67;;
1000;SDS011;489;47.806;12.858;2023-01-02T02:13:36;2.53;;;2.17;;
1000;SDS011;489;47.806;12.858;2023-01-02T02:15:41;2.80;;;2.43;;
1000;SDS011;489;47.806;12.858;2023-01-02T02:17:48;1.80;;;1.70;;
1000;SDS011;489;47.806;12.858;2023-01-02T02:19:58;2.10;;;1.87;;
1000;SDS011;489;47.806;12.858;2023-01-02T02:22:10;1.93;;;1.77;;
1000;SDS011;489;47.806;12.858;2023-01-02T02:24:32;4.40;;;2.13;;
1000;SDS011;489;47.806;12.858;2023-01-02T02:26:46;2.20;;;1.70;;
1000;SDS011;489;47.806;12.858;2023-01-02T02:29:10;2.90;;;2.20;;
1000;SDS011;489;47.806;12.858;2023-01-02T02:31:31;2.30;;;2.10;;
1000;SDS011;489;47.806;12.858;2023-01-02T02:33:36;2.83;;;2.60;;
1000;SDS011;489;47.806;12.858;2023-01-02T02:35:44;2.37;;;2.17;;
1000;SDS011;489;47.806;12.858;2023-01-02T02:37:51;7.13;;;6.23;;
1000;SDS011;489;47.806;12.858;2023-01-02T02:39:59;6.37;;;5.20;;
1000;SDS011;489;47.806;12.858;2023-01-02T02:42:07;4.53;;;4.00;;
1000;SDS011;489;47.806;12.858;2023-01-02T02:44:13;2.87;;;2.63;;
1000;SDS011;489;47.806;12.858;2023-01-02T02:46:25;3.97;;;2.63;;
1000;SDS011;489;47.806;12.858;2023-01-02T02:48:32;3.00;;;2.50;;
1000;SDS011;489;47.806;12.858;2023-01-02T02:50:41;3.03;;;2.27;;
1000;SDS011;489;47.806;12.858;2023-01-02T02:52:45;3.03;;;2.80;;
1000;SDS011;489;47.806;12.858;2023-01-02T02:54:49;3.53;;;3.23;;
1000;SDS011;489;47.806;12.858;2023-01-02T02:56:54;2.73;;;2.50;;
1000;SDS011;489;47.806;12.858;2023-01-02T02:58:56;2.43;;;2.23;;
1000;SDS011;489;47.806;12.858;2023-01-02T03:01:00;4.00;;;3.70;;
1000;SDS011;489;47.806;12.858;2023-01-02T03:03:12;2.90;;;2.63;;
1000;SDS011;489;47.806;12.858;2023-01-02T03:05:18;2.60;;;2.40;;
1000;SDS011;489;47.806;12.858;2023-01-02T03:07:26;2.03;;;1.93;;
1000;SDS011;489;47.806;12.858;2023-01-02T03:09:33;1.80;;;1.60;;
1000;SDS011;489;47.806;12.858;2023-01-02T03:11:43;2.20;;;2.00;;
1000;SDS011;489;47.806;12.858;2023-01-02T03:13:51;1.80;;;1.70;;
1000;SDS011;489;47.806;12.858;2023-01-02T03:16:02;3.40;;;1.70;;
1000;SDS011;489;47.806;12.858;2023-01-02T03:18:08;2.80;;;2.00;;
1000;SDS011;489;47.806;12.858;2023-01-02T03:20:14;1.73;;;1.63;;
1000;SDS011;489;47.806;12.858;2023-01-02T03:22:20;2.30;;;2.10;;
1000;SDS011;489;47.806;12.858;2023-01-02T03:24:25;2.13;;;1.87;;
1000;SDS011;489;47.806;12.858;2023-01-02T03:26:28;1.93;;;1.80;;
1000;SDS011;489;47.806;12.858;2023-01-02T03:28:33;1.80;;;1.63;;
1000;SDS011;489;47.806;12.858;2023-01-02T03:30:36;1.70;;;1.60;;
1000;SDS011;489;47.806;12.858;2023-01-02T03:32:39;2.00;;;1.80;;
1000;SDS011;489;47.806;12.858;2023-01-02T03:34:44;2.30;;;1.87;;
1000;SDS011;489;47.806;12.858;2023-01-02T03:36:50;1.80;;;1.70;;
1000;SDS011;489;47.806;12.858;2023-01-02T03:38:56;2.00;;;1.90;;
1000;SDS011;489;47.806;12.858;2023-01-02T03:41:04;1.53;;;1.30;;
1000;SDS011;489;47.806;12.858;2023-01-02T03:43:08;1.80;;;1.70;;
1000;SDS011;489;47.806;12.858;2023-01-02T03:45:13;2.80;;;2.50;;
1000;SDS011;489;47.806;12.858;2023-01-02T03:47:21;1.60;;;1.50;;
1000;SDS011;489;47.806;12.858;2023-01-02T03:49:28;1.70;;;1.50;;
1000;SDS011;489;47.806;12.858;2023-01-02T03:51:32;1.57;;;1.40;;
1000;SDS011;489;47.806;12.858;2023-01-02T03:53:36;1.80;;;1.53;;
1000;SDS011;489;47.806;12.858;2023-01-02T03:55:40;3.33;;;1.83;;
1000;SDS011;489;47.806;12.858;2023-01-02T03:57:47;2.03;;;1.53;;
1000;SDS011;489;47.806;12.858;2023-01-02T03:59:55;1.70;;;1.60;;
1000;SDS011;489;47.806;12.858;2023-01-02T04:02:00;1.70;;;1.60;;
1000;SDS011;489;47.806;12.858;2023-01-02T04:04:07;2.10;;;1.40;;
1000;SDS011;489;47.806;12.858;2023-01-02T04:06:12;3.53;;;1.47;;
1000;SDS011;489;47.806;12.858;2023-01-02T04:08:16;3.13;;;1.60;;
1000;SDS011;489;47.806;12.858;2023-01-02T04:10:23;1.83;;;1.50;;
1000;SDS011;489;47.806;12.858;2023-01-02T04:12:26;2.20;;;1.90;;
1000;SDS011;489;47.806;12.858;2023-01-02T04:14:30;2.13;;;1.93;;
1000;SDS011;489;47.806;12.858;2023-01-02T04:16:34;2.23;;;2.03;;
1000;SDS011;489;47.806;12.858;2023-01-02T04:18:37;2.27;;;2.07;;
1000;SDS011;489;47.806;12.858;2023-01-02T04:20:41;2.80;;;2.37;;
1000;SDS011;489;47.806;12.858;2023-01-02T04:22:46;1.93;;;1.77;;
1000;SDS011;489;47.806;12.858;2023-01-02T04:24:52;1.67;;;1.53;;
1000;SDS011;489;47.806;12.858;2023-01-02T04:26:58;2.20;;;1.83;;
1000;SDS011;489;47.806;12.858;2023-01-02T04:29:02;1.80;;;1.70;;
1000;SDS011;489;47.806;12.858;2023-01-02T04:31:05;2.20;;;2.00;;
1000;SDS011;489;47.806;12.858;2023-01-02T04:33:09;1.77;;;1.67;;
1000;SDS011;489;47.806;12.858;2023-01-02T04:35:13;1.90;;;1.40;;
1000;SDS011;489;47.806;12.858;2023-01-02T04:37:26;1.60;;;1.50;;
1000;SDS011;489;47.806;12.858;2023-01-02T04:39:29;2.03;;;1.30;;
1000;SDS011;489;47.806;12.858;2023-01-02T04:41:31;1.83;;;1.57;;
1000;SDS011;489;47.806;12.858;2023-01-02T04:43:35;1.77;;;1.67;;
1000;SDS011;489;47.806;12.858;2023-01-02T04:45:36;1.93;;;1.77;;
1000;SDS011;489;47.806;12.858;2023-01-02T04:47:38;1.90;;;1.33;;
1000;SDS011;489;47.806;12.858;2023-01-02T04:49:40;2.30;;;1.63;;
1000;SDS011;489;47.806;12.858;2023-01-02T04:51:41;1.67;;;1.57;;
1000;SDS011;489;47.806;12.858;2023-01-02T04:53:45;2.17;;;1.97;;
1000;SDS011;489;47.806;12.858;2023-01-02T04:55:47;2.77;;;2.43;;
1000;SDS011;489;47.806;12.858;2023-01-02T04:57:49;2.20;;;2.00;;
1000;SDS011;489;47.806;12.858;2023-01-02T04:59:52;1.63;;;1.53;;
1000;SDS011;489;47.806;12.858;2023-01-02T05:01:54;2.10;;;1.90;;
1000;SDS011;489;47.806;12.858;2023-01-02T05:03:55;2.60;;;1.80;;
1000;SDS011;489;47.806;12.858;2023-01-02T05:06:00;2.10;;;1.90;;
1000;SDS011;489;47.806;12.858;2023-01-02T05:08:02;2.73;;;2.40;;
1000;SDS011;489;47.806;12.858;2023-01-02T05:10:04;2.70;;;2.10;;
1000;SDS011;489;47.806;12.858;2023-01-02T05:12:07;3.90;;;2.90;;
1000;SDS011;489;47.806;12.858;2023-01-02T05:14:08;5.33;;;4.07;;
1000;SDS011;489;47.806;12.858;2023-01-02T05:16:11;6.33;;;4.40;;
1000;SDS011;489;47.806;12.858;2023-01-02T05:18:13;7.50;;;5.20;;
1000;SDS011;489;47.806;12.858;2023-01-02T05:20:15;9.30;;;5.53;;
1000;SDS011;489;47.806;12.858;2023-01-02T05:22:17;7.03;;;4.97;;
1000;SDS011;489;47.806;12.858;2023-01-02T05:24:36;11.03;;;4.67;;
1000;SDS011;489;47.806;12.858;2023-01-02T05:26:38;5.20;;;4.27;;
1000;SDS011;489;47.806;12.858;2023-01-02T05:28:39;4.93;;;3.83;;
1000;SDS011;489;47.806;12.858;2023-01-02T05:30:41;4.33;;;3.40;;
1000;SDS011;489;47.806;12.858;2023-01-02T05:32:44;13.23;;;6.53;;
1000;SDS011;489;47.806;12.858;2023-01-02T05:34:46;13.70;;;7.97;;
1000;SDS011;489;47.806;12.858;2023-01-02T05:36:47;7.00;;;5.20;;
1000;SDS011;489;47.806;12.858;2023-01-02T05:38:49;8.30;;;4.87;;
1000;SDS011;489;47.806;12.858;2023-01-02T05:40:57;6.10;;;3.67;;
1000;SDS011;489;47.806;12.858;2023-01-02T05:43:00;6.07;;;3.90;;
1000;SDS011;489;47.806;12.858;2023-01-02T05:45:02;4.20;;;3.00;;
1000;SDS011;489;47.806;12.858;2023-01-02T05:47:04;4.43;;;3.00;;
1000;SDS011;489;47.806;12.858;2023-01-02T05:49:07;7.53;;;5.10;;
1000;SDS011;489;47.806;12.858;2023-01-02T05:51:10;18.33;;;11.13;;
1000;SDS011;489;47.806;12.858;2023-01-02T05:53:13;10.47;;;7.40;;
1000;SDS011;489;47.806;12.858;2023-01-02T05:55:15;11.27;;;7.07;;
1000;SDS011;489;47.806;12.858;2023-01-02T05:57:16;11.80;;;6.40;;
1000;SDS011;489;47.806;12.858;2023-01-02T05:59:18;10.17;;;6.23;;
1000;SDS011;489;47.806;12.858;2023-01-02T06:01:21;7.33;;;5.30;;
1000;SDS011;489;47.806;12.858;2023-01-02T06:03:23;5.30;;;4.17;;
1000;SDS011;489;47.806;12.858;2023-01-02T06:05:26;4.33;;;3.50;;
1000;SDS011;489;47.806;12.858;2023-01-02T06:07:28;3.10;;;2.80;;
1000;SDS011;489;47.806;12.858;2023-01-02T06:09:30;3.30;;;2.50;;
1000;SDS011;489;47.806;12.858;2023-01-02T06:11:31;2.33;;;2.13;;
1000;SDS011;489;47.806;12.858;2023-01-02T06:13:35;2.60;;;2.03;;
1000;SDS011;489;47.806;12.858;2023-01-02T06:15:37;2.10;;;1.60;;
1000;SDS011;489;47.806;12.858;2023-01-02T06:17:38;2.17;;;1.60;;
1000;SDS011;489;47.806;12.858;2023-01-02T06:19:40;2.87;;;1.73;;
1000;SDS011;489;47.806;12.858;2023-01-02T06:21:43;2.40;;;2.20;;
1000;SDS011;489;47.806;12.858;2023-01-02T06:23:45;2.20;;;2.00;;
1000;SDS011;489;47.806;12.858;2023-01-02T06:25:47;2.20;;;2.00;;
1000;SDS011;489;47.806;12.858;2023-01-02T06:27:49;2.30;;;1.90;;
1000;SDS011;489;47.806;12.858;2023-01-02T06:29:51;2.50;;;2.30;;
1000;SDS011;489;47.806;12.858;2023-01-02T06:31:52;3.00;;;2.70;;
1000;SDS011;489;47.806;12.858;2023-01-02T06:33:54;2.90;;;2.03;;
1000;SDS011;489;47.806;12.858;2023-01-02T06:35:56;3.07;;;2.87;;
1000;SDS011;489;47.806;12.858;2023-01-02T06:38:00;2.20;;;2.00;;
1000;SDS011;489;47.806;12.858;2023-01-02T06:40:02;2.77;;;2.07;;
1000;SDS011;489;47.806;12.858;2023-01-02T06:42:04;1.70;;;1.60;;
1000;SDS011;489;47.806;12.858;2023-01-02T06:44:06;2.63;;;1.90;;
1000;SDS011;489;47.806;12.858;2023-01-02T06:46:10;2.20;;;2.00;;
1000;SDS011;489;47.806;12.858;2023-01-02T06:48:12;1.87;;;1.77;;
1000;SDS011;489;47.806;12.858;2023-01-02T06:50:15;6.93;;;2.80;;
1000;SDS011;489;47.806;12.858;2023-01-02T06:52:17;4.97;;;3.37;;
1000;SDS011;489;47.806;12.858;2023-01-02T06:54:20;3.80;;;3.10;;
1000;SDS011;489;47.806;12.858;2023-01-02T06:56:21;5.33;;;3.80;;
1000;SDS011;489;47.806;12.858;2023-01-02T06:58:23;6.03;;;3.50;;
1000;SDS011;489;47.806;12.858;2023-01-02T07:00:26;3.93;;;3.10;;
1000;SDS011;489;47.806;12.858;2023-01-02T07:02:28;5.20;;;3.70;;
1000;SDS011;489;47.806;12.858;2023-01-02T07:04:29;9.00;;;5.60;;
1000;SDS011;489;47.806;12.858;2023-01-02T07:06:33;11.80;;;6.80;;
1000;SDS011;489;47.806;12.858;2023-01-02T07:08:34;19.03;;;10.93;;
1000;SDS011;489;47.806;12.858;2023-01-02T07:10:38;39.83;;;21.97;;
1000;SDS011;489;47.806;12.858;2023-01-02T07:12:40;27.60;;;17.67;;
1000;SDS011;489;47.806;12.858;2023-01-02T07:14:41;37.67;;;21.60;;
1000;SDS011;489;47.806;12.858;2023-01-02T07:16:43;34.10;;;20.20;;
1000;SDS011;489;47.806;12.858;2023-01-02T07:18:45;38.33;;;21.30;;
1000;SDS011;489;47.806;12.858;2023-01-02T07:20:51;24.90;;;14.03;;
1000;SDS011;489;47.806;12.858;2023-01-02T07:22:53;12.87;;;8.10;;
1000;SDS011;489;47.806;12.858;2023-01-02T07:24:55;25.13;;;14.83;;
1000;SDS011;489;47.806;12.858;2023-01-02T07:26:58;14.07;;;9.10;;
1000;SDS011;489;47.806;12.858;2023-01-02T07:29:00;21.40;;;12.70;;
1000;SDS011;489;47.806;12.858;2023-01-02T07:31:02;16.70;;;11.83;;
1000;SDS011;489;47.806;12.858;2023-01-02T07:33:05;15.17;;;9.77;;
1000;SDS011;489;47.806;12.858;2023-01-02T07:35:07;14.37;;;8.30;;
1000;SDS011;489;47.806;12.858;2023-01-02T07:37:10;12.33;;;8.30;;
1000;SDS011;489;47.806;12.858;2023-01-02T07:39:11;13.63;;;9.07;;
1000;SDS011;489;47.806;12.858;2023-01-02T07:41:14;15.70;;;8.93;;
1000;SDS011;489;47.806;12.858;2023-01-02T07:43:17;12.40;;;9.20;;
1000;SDS011;489;47.806;12.858;2023-01-02T07:45:19;12.07;;;8.10;;
1000;SDS011;489;47.806;12.858;2023-01-02T07:47:21;10.67;;;7.97;;
1000;SDS011;489;47.806;12.858;2023-01-02T07:49:22;11.47;;;7.97;;
1000;SDS011;489;47.806;12.858;2023-01-02T07:51:24;11.40;;;6.93;;
1000;SDS011;489;47.806;12.858;2023-01-02T07:53:26;11.17;;;7.03;;
1000;SDS011;489;47.806;12.858;2023-01-02T07:55:28;9.60;;;7.20;;
1000;SDS011;489;47.806;12.858;2023-01-02T07:57:29;8.70;;;7.10;;
1000;SDS011;489;47.806;12.858;2023-01-02T07:59:33;7.33;;;6.00;;
1000;SDS011;489;47.806;12.858;2023-01-02T08:01:34;8.90;;;5.90;;
1000;SDS011;489;47.806;12.858;2023-01-02T08:03:36;7.87;;;6.20;;
1000;SDS011;489;47.806;12.858;2023-01-02T08:05:38;8.87;;;6.83;;
1000;SDS011;489;47.806;12.858;2023-01-02T08:07:40;10.20;;;7.93;;
1000;SDS011;489;47.806;12.858;2023-01-02T08:09:41;6.77;;;5.80;;
1000;SDS011;489;47.806;12.858;2023-01-02T08:11:43;6.70;;;5.23;;
1000;SDS011;489;47.806;12.858;2023-01-02T08:13:45;6.00;;;4.83;;
1000;SDS011;489;47.806;12.858;2023-01-02T08:15:48;6.23;;;4.53;;
1000;SDS011;489;47.806;12.858;2023-01-02T08:17:50;5.30;;;4.63;;
1000;SDS011;489;47.806;12.858;2023-01-02T08:19:52;5.27;;;4.37;;
1000;SDS011;489;47.806;12.858;2023-01-02T08:21:53;3.90;;;3.50;;
1000;SDS011;489;47.806;12.858;2023-01-02T08:23:55;5.00;;;4.23;;
1000;SDS011;489;47.806;12.858;2023-01-02T08:25:57;4.50;;;4.07;;
1000;SDS011;489;47.806;12.858;2023-01-02T08:27:59;5.53;;;3.83;;
1000;SDS011;489;47.806;12.858;2023-01-02T08:30:00;4.90;;;4.10;;
1000;SDS011;489;47.806;12.858;2023-01-02T08:32:04;4.60;;;3.80;;
1000;SDS011;489;47.806;12.858;2023-01-02T08:34:06;6.30;;;5.17;;
1000;SDS011;489;47.806;12.858;2023-01-02T08:36:08;4.30;;;3.40;;
1000;SDS011;489;47.806;12.858;2023-01-02T08:38:10;3.20;;;2.90;;
1000;SDS011;489;47.806;12.858;2023-01-02T08:40:12;3.63;;;3.10;;
1000;SDS011;489;47.806;12.858;2023-01-02T08:42:14;4.70;;;3.50;;
1000;SDS011;489;47.806;12.858;2023-01-02T08:44:15;5.90;;;3.20;;
1000;SDS011;489;47.806;12.858;2023-01-02T08:46:17;3.73;;;3.33;;
1000;SDS011;489;47.806;12.858;2023-01-02T08:48:20;5.73;;;3.53;;
1000;SDS011;489;47.806;12.858;2023-01-02T08:50:22;5.00;;;3.70;;
1000;SDS011;489;47.806;12.858;2023-01-02T08:52:24;6.50;;;3.13;;
1000;SDS011;489;47.806;12.858;2023-01-02T08:54:25;3.30;;;3.00;;
1000;SDS011;489;47.806;12.858;2023-01-02T08:56:28;3.60;;;3.30;;
1000;SDS011;489;47.806;12.858;2023-01-02T08:58:31;3.50;;;3.20;;
1000;SDS011;489;47.806;12.858;2023-01-02T09:00:32;3.87;;;3.23;;
1000;SDS011;489;47.806;12.858;2023-01-02T09:02:34;3.13;;;2.83;;
1000;SDS011;489;47.806;12.858;2023-01-02T09:04:37;3.80;;;3.50;;
1000;SDS011;489;47.806;12.858;2023-01-02T09:06:39;3.20;;;2.70;;
1000;SDS011;489;47.806;12.858;2023-01-02T09:08:41;4.20;;;3.07;;
1000;SDS011;489;47.806;12.858;2023-01-02T09:10:43;4.63;;;2.70;;
1000;SDS011;489;47.806;12.858;2023-01-02T09:12:45;2.70;;;2.50;;
1000;SDS011;489;47.806;12.858;2023-01-02T09:14:47;4.60;;;2.30;;
1000;SDS011;489;47.806;12.858;2023-01-02T09:16:48;3.77;;;2.40;;
1000;SDS011;489;47.806;12.858;2023-01-02T09:18:51;3.03;;;2.73;;
1000;SDS011;489;47.806;12.858;2023-01-02T09:20:54;2.70;;;2.50;;
1000;SDS011;489;47.806;12.858;2023-01-02T09:22:56;3.30;;;2.87;;
1000;SDS011;489;47.806;12.858;2023-01-02T09:24:57;3.97;;;3.67;;
1000;SDS011;489;47.806;12.858;2023-01-02T09:26:59;3.60;;;2.83;;
1000;SDS011;489;47.806;12.858;2023-01-02T09:29:01;3.33;;;3.00;;
1000;SDS011;489;47.806;12.858;2023-01-02T09:31:03;3.07;;;2.77;;
1000;SDS011;489;47.806;12.858;2023-01-02T09:33:06;2.70;;;2.47;;
1000;SDS011;489;47.806;12.858;2023-01-02T09:35:08;3.20;;;2.90;;
1000;SDS011;489;47.806;12.858;2023-01-02T09:37:11;3.30;;;3.00;;
1000;SDS011;489;47.806;12.858;2023-01-02T09:39:13;3.40;;;2.77;;
1000;SDS011;489;47.806;12.858;2023-01-02T09:41:18;3.13;;;2.60;;
1000;SDS011;489;47.806;12.858;2023-01-02T09:43:26;3.07;;;2.50;;
1000;SDS011;489;47.806;12.858;2023-01-02T09:45:33;3.30;;;3.00;;
1000;SDS011;489;47.806;12.858;2023-01-02T09:47:35;4.20;;;2.70;;
1000;SDS011;489;47.806;12.858;2023-01-02T09:49:39;3.20;;;2.90;;
1000;SDS011;489;47.806;12.858;2023-01-02T09:51:43;2.03;;;1.90;;
1000;SDS011;489;47.806;12.858;2023-01-02T09:53:46;2.60;;;2.40;;
1000;SDS011;489;47.806;12.858;2023-01-02T09:55:49;2.90;;;2.70;;
1000;SDS011;489;47.806;12.858;2023-01-02T09:57:55;2.40;;;2.20;;
1000;SDS011;489;47.806;12.858;2023-01-02T10:00:00;2.57;;;2.20;;
1000;SDS011;489;47.806;12.858;2023-01-02T10:02:10;2.43;;;2.23;;
1000;SDS011;489;47.806;12.858;2023-01-02T10:04:19;2.40;;;2.20;;
1000;SDS011;489;47.806;12.858;2023-01-02T10:06:30;2.47;;;2.27;;
1000;SDS011;489;47.806;12.858;2023-01-02T10:08:37;2.43;;;2.23;;
1000;SDS011;489;47.806;12.858;2023-01-02T10:10:50;2.20;;;2.00;;
1000;SDS011;489;47.806;12.858;2023-01-02T10:12:57;4.03;;;3.20;;
1000;SDS011;489;47.806;12.858;2023-01-02T10:15:04;2.53;;;1.97;;
1000;SDS011;489;47.806;12.858;2023-01-02T10:17:08;4.00;;;2.73;;
1000;SDS011;489;47.806;12.858;2023-01-02T10:19:11;2.80;;;2.20;;
1000;SDS011;489;47.806;12.858;2023-01-02T10:21:17;2.10;;;1.87;;
1000;SDS011;489;47.806;12.858;2023-01-02T10:23:22;2.83;;;2.57;;
1000;SDS011;489;47.806;12.858;2023-01-02T10:25:29;3.23;;;2.37;;
1000;SDS011;489;47.806;12.858;2023-01-02T10:27:35;4.70;;;3.33;;
1000;SDS011;489;47.806;12.858;2023-01-02T10:29:40;2.10;;;2.00;;
1000;SDS011;489;47.806;12.858;2023-01-02T10:31:44;1.97;;;1.87;;
1000;SDS011;489;47.806;12.858;2023-01-02T10:33:49;1.60;;;1.50;;
1000;SDS011;489;47.806;12.858;2023-01-02T10:35:54;2.33;;;1.83;;
1000;SDS011;489;47.806;12.858;2023-01-02T10:37:58;1.40;;;1.30;;
1000;SDS011;489;47.806;12.858;2023-01-02T10:39:59;1.80;;;1.40;;
1000;SDS011;489;47.806;12.858;2023-01-02T10:42:01;2.10;;;1.50;;
1000;SDS011;489;47.806;12.858;2023-01-02T10:44:09;1.80;;;1.70;;
1000;SDS011;489;47.806;12.858;2023-01-02T10:46:13;1.70;;;1.60;;
1000;SDS011;489;47.806;12.858;2023-01-02T10:48:15;2.20;;;2.00;;
1000;SDS011;489;47.806;12.858;2023-01-02T10:50:18;1.77;;;1.67;;
1000;SDS011;489;47.806;12.858;2023-01-02T10:52:23;1.93;;;1.77;;
1000;SDS011;489;47.806;12.858;2023-01-02T10:54:27;2.30;;;2.00;;
1000;SDS011;489;47.806;12.858;2023-01-02T10:56:30;2.37;;;2.17;;
1000;SDS011;489;47.806;12.858;2023-01-02T10:58:33;2.23;;;1.93;;
1000;SDS011;489;47.806;12.858;2023-01-02T11:00:36;2.80;;;2.27;;
1000;SDS011;489;47.806;12.858;2023-01-02T11:02:38;2.70;;;1.73;;
1000;SDS011;489;47.806;12.858;2023-01-02T11:04:41;2.40;;;2.20;;
1000;SDS011;489;47.806;12.858;2023-01-02T11:06:48;1.87;;;1.77;;
1000;SDS011;489;47.806;12.858;2023-01-02T11:08:55;4.20;;;3.83;;
1000;SDS011;489;47.806;12.858;2023-01-02T11:10:58;3.40;;;3.10;;
1000;SDS011;489;47.806;12.858;2023-01-02T11:13:00;2.77;;;2.57;;
1000;SDS011;489;47.806;12.858;2023-01-02T11:15:09;2.40;;;2.03;;
1000;SDS011;489;47.806;12.858;2023-01-02T11:17:15;1.70;;;1.60;;
1000;SDS011;489;47.806;12.858;2023-01-02T11:19:19;1.60;;;1.50;;
1000;SDS011;489;47.806;12.858;2023-01-02T11:21:26;1.40;;;1.30;;
1000;SDS011;489;47.806;12.858;2023-01-02T11:23:29;1.80;;;1.37;;
1000;SDS011;489;47.806;12.858;2023-01-02T11:25:35;3.10;;;1.50;;
1000;SDS011;489;47.806;12.858;2023-01-02T11:27:40;1.70;;;1.60;;
1000;SDS011;489;47.806;12.858;2023-01-02T11:29:44;1.70;;;1.60;;
1000;SDS011;489;47.806;12.858;2023-01-02T11:31:47;1.97;;;1.73;;
1000;SDS011;489;47.806;12.858;2023-01-02T11:33:52;1.90;;;1.70;;
1000;SDS011;489;47.806;12.858;2023-01-02T11:36:14;1.90;;;1.40;;
1000;SDS011;489;47.806;12.858;2023-01-02T11:38:18;1.63;;;1.53;;
1000;SDS011;489;47.806;12.858;2023-01-02T11:40:23;2.03;;;1.83;;
1000;SDS011;489;47.806;12.858;2023-01-02T11:42:28;1.50;;;1.40;;
1000;SDS011;489;47.806;12.858;2023-01-02T11:44:51;1.70;;;1.60;;
1000;SDS011;489;47.806;12.858;2023-01-02T11:46:56;1.60;;;1.50;;
1000;SDS011;489;47.806;12.858;2023-01-02T11:49:02;1.70;;;1.60;;
1000;SDS011;489;47.806;12.858;2023-01-02T11:51:08;1.30;;;1.20;;
1000;SDS011;489;47.806;12.858;2023-01-02T11:53:16;1.57;;;1.47;;
1000;SDS011;489;47.806;12.858;2023-01-02T11:55:24;1.30;;;1.20;;
1000;SDS011;489;47.806;12.858;2023-01-02T11:57:34;1.80;;;1.67;;
1000;SDS011;489;47.806;12.858;2023-01-02T11:59:41;1.60;;;1.50;;
1000;SDS011;489;47.806;12.858;2023-01-02T12:01:48;1.50;;;1.40;;
1000;SDS011;489;47.806;12.858;2023-01-02T12:03:54;1.43;;;1.33;;
1000;SDS011;489;47.806;12.858;2023-01-02T12:06:01;1.70;;;1.60;;
1000;SDS011;489;47.806;12.858;2023-01-02T12:08:11;1.70;;;1.60;;
1000;SDS011;489;47.806;12.858;2023-01-02T12:10:24;2.20;;;2.00;;
1000;SDS011;489;47.806;12.858;2023-01-02T12:12:37;2.07;;;1.60;;
1000;SDS011;489;47.806;12.858;2023-01-02T12:14:50;2.70;;;2.03;;
1000;SDS011;489;47.806;12.858;2023-01-02T12:17:00;2.67;;;1.93;;
1000;SDS011;489;47.806;12.858;2023-01-02T12:19:08;2.00;;;1.80;;
1000;SDS011;489;47.806;12.858;2023-01-02T12:21:18;1.73;;;1.63;;
1000;SDS011;489;47.806;12.858;2023-01-02T12:23:28;1.63;;;1.53;;
1000;SDS011;489;47.806;12.858;2023-01-02T12:25:38;1.60;;;1.50;;
1000;SDS011;489;47.806;12.858;2023-01-02T12:27:43;1.80;;;1.70;;
1000;SDS011;489;47.806;12.858;2023-01-02T12:29:55;1.80;;;1.60;;
1000;SDS011;489;47.806;12.858;2023-01-02T12:32:10;1.83;;;1.60;;
1000;SDS011;489;47.806;12.858;2023-01-02T12:34:49;1.80;;;1.70;;
1000;SDS011;489;47.806;12.858;2023-01-02T12:37:03;1.67;;;1.58;;
1000;SDS011;489;47.806;12.858;2023-01-02T12:39:15;2.10;;;1.90;;
1000;SDS011;489;47.806;12.858;2023-01-02T12:41:27;2.00;;;1.90;;
1000;SDS011;489;47.806;12.858;2023-01-02T12:43:38;1.95;;;1.70;;
1000;SDS011;489;47.806;12.858;2023-01-02T12:45:50;1.80;;;1.55;;
1000;SDS011;489;47.806;12.858;2023-01-02T12:48:02;2.65;;;2.13;;
1000;SDS011;489;47.806;12.858;2023-01-02T12:52:36;2.30;;;1.80;;
1000;SDS011;489;47.806;12.858;2023-01-02T12:57:08;1.85;;;1.75;;
1000;SDS011;489;47.806;12.858;2023-01-02T12:59:20;1.95;;;1.85;;
1000;SDS011;489;47.806;12.858;2023-01-02T13:01:35;1.60;;;1.50;;
1000;SDS011;489;47.806;12.858;2023-01-02T13:03:42;1.88;;;1.67;;
1000;SDS011;489;47.806;12.858;2023-01-02T13:05:50;3.22;;;2.40;;
1000;SDS011;489;47.806;12.858;2023-01-02T13:07:56;2.50;;;2.15;;
1000;SDS011;489;47.806;12.858;2023-01-02T13:10:00;1.83;;;1.73;;
1000;SDS011;489;47.806;12.858;2023-01-02T13:12:04;4.53;;;1.80;;
1000;SDS011;489;47.806;12.858;2023-01-02T13:14:11;2.10;;;1.63;;
1000;SDS011;489;47.806;12.858;2023-01-02T13:16:17;1.75;;;1.65;;
1000;SDS011;489;47.806;12.858;2023-01-02T13:18:19;2.60;;;1.92;;
1000;SDS011;489;47.806;12.858;2023-01-02T13:20:27;2.08;;;1.80;;
1000;SDS011;489;47.806;12.858;2023-01-02T13:22:34;1.83;;;1.73;;
1000;SDS011;489;47.806;12.858;2023-01-02T13:24:41;2.10;;;1.77;;
1000;SDS011;489;47.806;12.858;2023-01-02T13:26:43;2.08;;;1.80;;
1000;SDS011;489;47.806;12.858;2023-01-02T13:28:51;2.38;;;2.25;;
1000;SDS011;489;47.806;12.858;2023-01-02T13:31:00;1.92;;;1.83;;
1000;SDS011;489;47.806;12.858;2023-01-02T13:33:10;2.42;;;2.22;;
1000;SDS011;489;47.806;12.858;2023-01-02T13:35:22;2.60;;;2.40;;
1000;SDS011;489;47.806;12.858;2023-01-02T13:37:24;2.28;;;2.08;;
1000;SDS011;489;47.806;12.858;2023-01-02T13:39:28;2.70;;;2.50;;
1000;SDS011;489;47.806;12.858;2023-01-02T13:41:32;2.85;;;2.65;;
1000;SDS011;489;47.806;12.858;2023-01-02T13:43:55;2.95;;;2.65;;
1000;SDS011;489;47.806;12.858;2023-01-02T13:45:59;4.83;;;2.63;;
1000;SDS011;489;47.806;12.858;2023-01-02T13:48:02;3.77;;;3.47;;
1000;SDS011;489;47.806;12.858;2023-01-02T13:50:06;2.60;;;2.40;;
1000;SDS011;489;47.806;12.858;2023-01-02T13:52:13;2.80;;;2.13;;
1000;SDS011;489;47.806;12.858;2023-01-02T13:54:17;2.13;;;1.93;;
1000;SDS011;489;47.806;12.858;2023-01-02T13:56:20;2.67;;;2.47;;
1000;SDS011;489;47.806;12.858;2023-01-02T13:58:25;1.90;;;1.80;;
1000;SDS011;489;47.806;12.858;2023-01-02T14:00:38;2.27;;;1.93;;
1000;SDS011;489;47.806;12.858;2023-01-02T14:02:41;2.03;;;1.73;;
1000;SDS011;489;47.806;12.858;2023-01-02T14:10:28;1.53;;;1.43;;
1000;SDS011;489;47.806;12.858;2023-01-02T14:12:38;1.27;;;1.10;;
1000;SDS011;489;47.806;12.858;2023-01-02T14:14:43;1.83;;;1.70;;
1000;SDS011;489;47.806;12.858;2023-01-02T14:16:48;1.87;;;1.20;;
1000;SDS011;489;47.806;12.858;2023-01-02T14:19:04;1.90;;;1.50;;
1000;SDS011;489;47.806;12.858;2023-01-02T14:21:15;1.50;;;1.40;;
1000;SDS011;489;47.806;12.858;2023-01-02T14:23:22;1.23;;;1.13;;
1000;SDS011;489;47.806;12.858;2023-01-02T14:25:25;2.20;;;2.00;;
1000;SDS011;489;47.806;12.858;2023-01-02T14:27:27;35.30;;;22.40;;
1000;SDS011;489;47.806;12.858;2023-01-02T14:29:31;25.90;;;16.33;;
1000;SDS011;489;47.806;12.858;2023-01-02T14:31:42;6.30;;;5.00;;
1000;SDS011;489;47.806;12.858;2023-01-02T14:33:44;2.20;;;2.00;;
1000;SDS011;489;47.806;12.858;2023-01-02T14:35:53;3.20;;;2.90;;
1000;SDS011;489;47.806;12.858;2023-01-02T14:38:10;4.70;;;4.20;;
1000;SDS011;489;47.806;12.858;2023-01-02T14:40:18;6.63;;;5.93;;
1000;SDS011;489;47.806;12.858;2023-01-02T14:42:34;5.10;;;4.60;;
1000;SDS011;489;47.806;12.858;2023-01-02T14:44:53;4.40;;;3.87;;
1000;SDS011;489;47.806;12.858;2023-01-02T14:46:59;3.70;;;3.37;;
1000;SDS011;489;47.806;12.858;2023-01-02T14:49:04;9.57;;;6.87;;
1000;SDS011;489;47.806;12.858;2023-01-02T14:51:08;9.63;;;8.60;;
1000;SDS011;489;47.806;12.858;2023-01-02T14:53:15;8.10;;;6.00;;
1000;SDS011;489;47.806;12.858;2023-01-02T14:55:20;13.60;;;10.00;;
1000;SDS011;489;47.806;12.858;2023-01-02T14:57:23;7.37;;;6.60;;
1000;SDS011;489;47.806;12.858;2023-01-02T14:59:27;8.97;;;8.07;;
1000;SDS011;489;47.806;12.858;2023-01-02T15:01:32;7.33;;;6.63;;
1000;SDS011;489;47.806;12.858;2023-01-02T15:03:41;9.10;;;8.43;;
1000;SDS011;489;47.806;12.858;2023-01-02T15:05:49;3.40;;;3.10;;
1000;SDS011;489;47.806;12.858;2023-01-02T15:07:54;5.40;;;4.63;;
1000;SDS011;489;47.806;12.858;2023-01-02T15:09:57;4.20;;;3.80;;
1000;SDS011;489;47.806;12.858;2023-01-02T15:12:21;5.47;;;5.07;;
1000;SDS011;489;47.806;12.858;2023-01-02T15:14:41;4.83;;;4.43;;
1000;SDS011;489;47.806;12.858;2023-01-02T15:16:43;5.80;;;4.93;;
1000;SDS011;489;47.806;12.858;2023-01-02T15:18:48;4.53;;;4.13;;
1000;SDS011;489;47.806;12.858;2023-01-02T15:20:53;4.60;;;4.20;;
1000;SDS011;489;47.806;12.858;2023-01-02T15:22:55;5.17;;;4.67;;
1000;SDS011;489;47.806;12.858;2023-01-02T15:24:58;7.07;;;6.00;;
1000;SDS011;489;47.806;12.858;2023-01-02T15:27:10;6.07;;;5.27;;
1000;SDS011;489;47.806;12.858;2023-01-02T15:29:18;5.17;;;4.67;;
1000;SDS011;489;47.806;12.858;2023-01-02T15:31:25;5.63;;;4.37;;
1000;SDS011;489;47.806;12.858;2023-01-02T15:33:27;11.00;;;9.90;;
1000;SDS011;489;47.806;12.858;2023-01-02T15:35:31;5.63;;;5.03;;
1000;SDS011;489;47.806;12.858;2023-01-02T15:37:39;5.70;;;5.00;;
1000;SDS011;489;47.806;12.858;2023-01-02T15:39:43;4.63;;;4.23;;
1000;SDS011;489;47.806;12.858;2023-01-02T15:41:46;4.60;;;3.97;;
1000;SDS011;489;47.806;12.858;2023-01-02T15:43:49;5.60;;;5.10;;
1000;SDS011;489;47.806;12.858;2023-01-02T15:46:21;7.10;;;6.50;;
1000;SDS011;489;47.806;12.858;2023-01-02T15:48:24;5.67;;;5.17;;
1000;SDS011;489;47.806;12.858;2023-01-02T15:50:28;6.57;;;4.73;;
1000;SDS011;489;47.806;12.858;2023-01-02T15:52:31;7.93;;;5.90;;
1000;SDS011;489;47.806;12.858;2023-01-02T15:54:34;8.47;;;7.57;;
1000;SDS011;489;47.806;12.858;2023-01-02T15:56:37;10.63;;;9.17;;
1000;SDS011;489;47.806;12.858;2023-01-02T15:58:46;15.87;;;10.60;;
1000;SDS011;489;47.806;12.858;2023-01-02T16:00:48;10.00;;;9.10;;
1000;SDS011;489;47.806;12.858;2023-01-02T16:03:10;11.17;;;9.90;;
1000;SDS011;489;47.806;12.858;2023-01-02T16:05:14;10.97;;;9.80;;
1000;SDS011;489;47.806;12.858;2023-01-02T16:07:20;10.40;;;9.30;;
1000;SDS011;489;47.806;12.858;2023-01-02T16:09:25;10.07;;;9.00;;
1000;SDS011;489;47.806;12.858;2023-01-02T16:11:27;9.67;;;6.60;;
1000;SDS011;489;47.806;12.858;2023-01-02T16:13:30;14.90;;;12.30;;
1000;SDS011;489;47.806;12.858;2023-01-02T16:15:51;8.60;;;7.73;;
1000;SDS011;489;47.806;12.858;2023-01-02T16:17:53;12.03;;;9.40;;
1000;SDS011;489;47.806;12.858;2023-01-02T16:19:56;17.83;;;13.80;;
1000;SDS011;489;47.806;12.858;2023-01-02T16:22:01;17.40;;;14.60;;
1000;SDS011;489;47.806;12.858;2023-01-02T16:24:06;19.63;;;17.53;;
1000;SDS011;489;47.806;12.858;2023-01-02T16:26:11;18.30;;;16.33;;
1000;SDS011;489;47.806;12.858;2023-01-02T16:28:14;16.00;;;14.27;;
1000;SDS011;489;47.806;12.858;2023-01-02T16:30:28;16.00;;;14.37;;
1000;SDS011;489;47.806;12.858;2023-01-02T16:32:32;30.03;;;21.07;;
1000;SDS011;489;47.806;12.858;2023-01-02T16:34:34;38.17;;;24.53;;
1000;SDS011;489;47.806;12.858;2023-01-02T16:36:37;25.70;;;19.53;;
1000;SDS011;489;47.806;12.858;2023-01-02T16:38:45;25.33;;;19.20;;
1000;SDS011;489;47.806;12.858;2023-01-02T16:40:48;18.47;;;14.30;;
1000;SDS011;489;47.806;12.858;2023-01-02T16:43:01;18.53;;;14.50;;
1000;SDS011;489;47.806;12.858;2023-01-02T16:45:06;18.40;;;14.20;;
1000;SDS011;489;47.806;12.858;2023-01-02T16:47:10;17.57;;;15.67;;
1000;SDS011;489;47.806;12.858;2023-01-02T16:49:12;21.47;;;17.37;;
1000;SDS011;489;47.806;12.858;2023-01-02T16:51:17;26.00;;;19.37;;
1000;SDS011;489;47.806;12.858;2023-01-02T16:53:19;18.63;;;16.63;;
1000;SDS011;489;47.806;12.858;2023-01-02T16:55:24;15.30;;;12.70;;
1000;SDS011;489;47.806;12.858;2023-01-02T16:57:26;15.57;;;14.07;;
1000;SDS011;489;47.806;12.858;2023-01-02T16:59:29;19.90;;;15.90;;
1000;SDS011;489;47.806;12.858;2023-01-02T17:01:30;26.57;;;19.90;;
1000;SDS011;489;47.806;12.858;2023-01-02T17:03:32;25.50;;;19.77;;
1000;SDS011;489;47.806;12.858;2023-01-02T17:05:34;23.13;;;17.93;;
1000;SDS011;489;47.806;12.858;2023-01-02T17:07:39;26.87;;;20.80;;
1000;SDS011;489;47.806;12.858;2023-01-02T17:09:40;14.57;;;13.03;;
1000;SDS011;489;47.806;12.858;2023-01-02T17:11:42;19.50;;;16.13;;
1000;SDS011;489;47.806;12.858;2023-01-02T17:13:58;18.87;;;15.33;;
1000;SDS011;489;47.806;12.858;2023-01-02T17:16:02;16.00;;;12.90;;
1000;SDS011;489;47.806;12.858;2023-01-02T17:18:05;17.90;;;15.70;;
1000;SDS011;489;47.806;12.858;2023-01-02T17:20:08;19.77;;;16.23;;
1000;SDS011;489;47.806;12.858;2023-01-02T17:22:11;17.53;;;14.70;;
1000;SDS011;489;47.806;12.858;2023-01-02T17:24:12;17.33;;;15.07;;
1000;SDS011;489;47.806;12.858;2023-01-02T17:26:14;18.20;;;15.13;;
1000;SDS011;489;47.806;12.858;2023-01-02T17:28:16;19.00;;;15.63;;
1000;SDS011;489;47.806;12.858;2023-01-02T17:30:18;19.53;;;16.33;;
1000;SDS011;489;47.806;12.858;2023-01-02T17:32:21;17.00;;;14.87;;
1000;SDS011;489;47.806;12.858;2023-01-02T17:34:23;18.80;;;16.43;;
1000;SDS011;489;47.806;12.858;2023-01-02T17:36:24;21.20;;;17.20;;
1000;SDS011;489;47.806;12.858;2023-01-02T17:38:26;19.30;;;15.43;;
1000;SDS011;489;47.806;12.858;2023-01-02T17:40:28;17.00;;;14.73;;
1000;SDS011;489;47.806;12.858;2023-01-02T17:42:29;16.00;;;14.30;;
1000;SDS011;489;47.806;12.858;2023-01-02T17:44:31;17.27;;;14.00;;
1000;SDS011;489;47.806;12.858;2023-01-02T17:46:33;14.33;;;12.30;;
1000;SDS011;489;47.806;12.858;2023-01-02T17:48:36;17.70;;;13.60;;
1000;SDS011;489;47.806;12.858;2023-01-02T17:50:38;16.10;;;13.43;;
1000;SDS011;489;47.806;12.858;2023-01-02T17:52:40;13.80;;;12.20;;
1000;SDS011;489;47.806;12.858;2023-01-02T17:54:41;15.67;;;13.53;;
1000;SDS011;489;47.806;12.858;2023-01-02T17:56:43;16.80;;;14.00;;
1000;SDS011;489;47.806;12.858;2023-01-02T17:58:45;16.80;;;13.80;;
1000;SDS011;489;47.806;12.858;2023-01-02T18:00:47;16.10;;;14.00;;
1000;SDS011;489;47.806;12.858;2023-01-02T18:02:49;15.37;;;12.67;;
1000;SDS011;489;47.806;12.858;2023-01-02T18:04:53;14.60;;;13.07;;
1000;SDS011;489;47.806;12.858;2023-01-02T18:06:55;15.60;;;12.73;;
1000;SDS011;489;47.806;12.858;2023-01-02T18:08:56;14.63;;;12.77;;
1000;SDS011;489;47.806;12.858;2023-01-02T18:10:58;15.03;;;13.40;;
1000;SDS011;489;47.806;12.858;2023-01-02T18:13:00;16.97;;;14.07;;
1000;SDS011;489;47.806;12.858;2023-01-02T18:15:03;20.97;;;17.40;;
1000;SDS011;489;47.806;12.858;2023-01-02T18:17:12;17.67;;;15.77;;
1000;SDS011;489;47.806;12.858;2023-01-02T18:19:17;17.13;;;15.43;;
1000;SDS011;489;47.806;12.858;2023-01-02T18:21:23;20.60;;;17.87;;
1000;SDS011;489;47.806;12.858;2023-01-02T18:23:26;19.10;;;16.50;;
1000;SDS011;489;47.806;12.858;2023-01-02T18:25:28;17.53;;;15.00;;
1000;SDS011;489;47.806;12.858;2023-01-02T18:27:31;31.50;;;23.97;;
1000;SDS011;489;47.806;12.858;2023-01-02T18:29:34;20.50;;;16.83;;
1000;SDS011;489;47.806;12.858;2023-01-02T18:31:37;15.20;;;12.07;;
1000;SDS011;489;47.806;12.858;2023-01-02T18:33:40;14.80;;;12.87;;
1000;SDS011;489;47.806;12.858;2023-01-02T18:35:42;16.47;;;12.57;;
1000;SDS011;489;47.806;12.858;2023-01-02T18:37:46;13.30;;;10.33;;
1000;SDS011;489;47.806;12.858;2023-01-02T18:39:48;14.00;;;11.10;;
1000;SDS011;489;47.806;12.858;2023-01-02T18:41:51;12.70;;;10.30;;
1000;SDS011;489;47.806;12.858;2023-01-02T18:43:55;12.63;;;10.80;;
1000;SDS011;489;47.806;12.858;2023-01-02T18:45:59;14.20;;;11.27;;
1000;SDS011;489;47.806;12.858;2023-01-02T18:48:11;11.07;;;9.80;;
1000;SDS011;489;47.806;12.858;2023-01-02T18:50:25;12.70;;;10.07;;
1000;SDS011;489;47.806;12.858;2023-01-02T18:52:31;11.70;;;10.10;;
1000;SDS011;489;47.806;12.858;2023-01-02T18:54:35;11.87;;;10.50;;
1000;SDS011;489;47.806;12.858;2023-01-02T18:56:38;11.83;;;10.60;;
1000;SDS011;489;47.806;12.858;2023-01-02T18:58:41;11.00;;;9.53;;
1000;SDS011;489;47.806;12.858;2023-01-02T19:00:43;8.80;;;7.57;;
1000;SDS011;489;47.806;12.858;2023-01-02T19:02:49;8.87;;;6.53;;
1000;SDS011;489;47.806;12.858;2023-01-02T19:04:53;7.80;;;7.07;;
1000;SDS011;489;47.806;12.858;2023-01-02T19:06:56;12.10;;;9.60;;
1000;SDS011;489;47.806;12.858;2023-01-02T19:09:00;9.80;;;8.80;;
1000;SDS011;489;47.806;12.858;2023-01-02T19:11:11;12.80;;;9.23;;
1000;SDS011;489;47.806;12.858;2023-01-02T19:13:32;11.07;;;9.27;;
1000;SDS011;489;47.806;12.858;2023-01-02T19:15:35;12.70;;;9.43;;
1000;SDS011;489;47.806;12.858;2023-01-02T19:17:39;9.83;;;8.83;;
1000;SDS011;489;47.806;12.858;2023-01-02T19:19:41;11.33;;;9.37;;
1000;SDS011;489;47.806;12.858;2023-01-02T19:21:43;10.97;;;9.57;;
1000;SDS011;489;47.806;12.858;2023-01-02T19:23:47;10.83;;;9.17;;
1000;SDS011;489;47.806;12.858;2023-01-02T19:25:53;11.30;;;10.10;;
1000;SDS011;489;47.806;12.858;2023-01-02T19:27:57;11.10;;;9.93;;
1000;SDS011;489;47.806;12.858;2023-01-02T19:29:58;14.23;;;11.80;;
1000;SDS011;489;47.806;12.858;2023-01-02T19:32:01;13.13;;;11.57;;
1000;SDS011;489;47.806;12.858;2023-01-02T19:34:16;13.87;;;12.43;;
1000;SDS011;489;47.806;12.858;2023-01-02T19:36:27;13.27;;;11.87;;
1000;SDS011;489;47.806;12.858;2023-01-02T19:38:35;16.03;;;13.40;;
1000;SDS011;489;47.806;12.858;2023-01-02T19:40:37;14.50;;;13.00;;
1000;SDS011;489;47.806;12.858;2023-01-02T19:42:39;13.80;;;12.30;;
1000;SDS011;489;47.806;12.858;2023-01-02T19:44:42;13.93;;;12.53;;
1000;SDS011;489;47.806;12.858;2023-01-02T19:46:43;13.50;;;12.10;;
1000;SDS011;489;47.806;12.858;2023-01-02T19:48:45;13.87;;;12.33;;
1000;SDS011;489;47.806;12.858;2023-01-02T19:50:47;12.73;;;11.43;;
1000;SDS011;489;47.806;12.858;2023-01-02T19:52:49;14.17;;;11.40;;
1000;SDS011;489;47.806;12.858;2023-01-02T19:54:50;12.57;;;11.03;;
1000;SDS011;489;47.806;12.858;2023-01-02T19:56:52;11.93;;;10.67;;
1000;SDS011;489;47.806;12.858;2023-01-02T19:58:54;14.87;;;11.37;;
1000;SDS011;489;47.806;12.858;2023-01-02T20:00:57;10.97;;;9.83;;
1000;SDS011;489;47.806;12.858;2023-01-02T20:02:59;11.57;;;10.00;;
1000;SDS011;489;47.806;12.858;2023-01-02T20:05:00;12.40;;;9.80;;
1000;SDS011;489;47.806;12.858;2023-01-02T20:07:02;10.77;;;9.57;;
1000;SDS011;489;47.806;12.858;2023-01-02T20:09:04;12.03;;;10.47;;
1000;SDS011;489;47.806;12.858;2023-01-02T20:11:06;16.40;;;10.40;;
1000;SDS011;489;47.806;12.858;2023-01-02T20:13:27;12.03;;;10.80;;
1000;SDS011;489;47.806;12.858;2023-01-02T20:15:29;12.23;;;10.97;;
1000;SDS011;489;47.806;12.858;2023-01-02T20:17:32;10.57;;;9.53;;
1000;SDS011;489;47.806;12.858;2023-01-02T20:19:34;12.80;;;11.10;;
1000;SDS011;489;47.806;12.858;2023-01-02T20:21:36;11.43;;;8.63;;
1000;SDS011;489;47.806;12.858;2023-01-02T20:23:38;8.93;;;7.43;;
1000;SDS011;489;47.806;12.858;2023-01-02T20:25:40;8.97;;;7.17;;
1000;SDS011;489;47.806;12.858;2023-01-02T20:27:41;8.73;;;7.43;;
1000;SDS011;489;47.806;12.858;2023-01-02T20:29:43;7.87;;;7.07;;
1000;SDS011;489;47.806;12.858;2023-01-02T20:31:45;7.80;;;7.00;;
1000;SDS011;489;47.806;12.858;2023-01-02T20:33:48;6.20;;;5.60;;
1000;SDS011;489;47.806;12.858;2023-01-02T20:35:51;5.50;;;3.40;;
1000;SDS011;489;47.806;12.858;2023-01-02T20:37:53;5.20;;;4.67;;
1000;SDS011;489;47.806;12.858;2023-01-02T20:39:54;33.73;;;18.50;;
1000;SDS011;489;47.806;12.858;2023-01-02T20:41:56;125.83;;;65.13;;
1000;SDS011;489;47.806;12.858;2023-01-02T20:43:58;8.70;;;6.70;;
1000;SDS011;489;47.806;12.858;2023-01-02T20:45:59;13.03;;;7.07;;
1000;SDS011;489;47.806;12.858;2023-01-02T20:48:01;20.57;;;9.67;;
1000;SDS011;489;47.806;12.858;2023-01-02T20:50:05;15.80;;;6.27;;
1000;SDS011;489;47.806;12.858;2023-01-02T20:52:07;62.40;;;38.90;;
1000;SDS011;489;47.806;12.858;2023-01-02T20:54:09;20.00;;;14.80;;
1000;SDS011;489;47.806;12.858;2023-01-02T20:56:11;14.87;;;11.57;;
1000;SDS011;489;47.806;12.858;2023-01-02T20:58:12;15.10;;;13.37;;
1000;SDS011;489;47.806;12.858;2023-01-02T21:00:15;12.27;;;11.07;;
1000;SDS011;489;47.806;12.858;2023-01-02T21:02:18;12.00;;;10.80;;
1000;SDS011;489;47.806;12.858;2023-01-02T21:04:20;9.90;;;8.30;;
1000;SDS011;489;47.806;12.858;2023-01-02T21:06:23;8.07;;;6.97;;
1000;SDS011;489;47.806;12.858;2023-01-02T21:08:25;7.37;;;5.30;;
1000;SDS011;489;47.806;12.858;2023-01-02T21:10:26;5.20;;;3.50;;
1000;SDS011;489;47.806;12.858;2023-01-02T21:12:28;4.93;;;3.67;;
1000;SDS011;489;47.806;12.858;2023-01-02T21:14:47;5.00;;;4.27;;
1000;SDS011;489;47.806;12.858;2023-01-02T21:16:49;5.30;;;4.80;;
1000;SDS011;489;47.806;12.858;2023-01-02T21:18:51;7.00;;;6.23;;
1000;SDS011;489;47.806;12.858;2023-01-02T21:20:53;7.77;;;6.33;;
1000;SDS011;489;47.806;12.858;2023-01-02T21:22:57;6.67;;;5.17;;
1000;SDS011;489;47.806;12.858;2023-01-02T21:24:59;6.83;;;4.40;;
1000;SDS011;489;47.806;12.858;2023-01-02T21:27:00;9.60;;;7.10;;
1000;SDS011;489;47.806;12.858;2023-01-02T21:29:02;7.33;;;6.60;;
1000;SDS011;489;47.806;12.858;2023-01-02T21:31:04;3.83;;;3.50;;
1000;SDS011;489;47.806;12.858;2023-01-02T21:33:06;4.60;;;3.90;;
1000;SDS011;489;47.806;12.858;2023-01-02T21:35:08;3.57;;;3.00;;
1000;SDS011;489;47.806;12.858;2023-01-02T21:37:09;2.53;;;2.33;;
1000;SDS011;489;47.806;12.858;2023-01-02T21:39:13;5.27;;;3.17;;
1000;SDS011;489;47.806;12.858;2023-01-02T21:41:14;5.13;;;2.97;;
1000;SDS011;489;47.806;12.858;2023-01-02T21:43:33;4.47;;;2.73;;
1000;SDS011;489;47.806;12.858;2023-01-02T21:45:35;5.77;;;2.80;;
1000;SDS011;489;47.806;12.858;2023-01-02T21:47:37;3.77;;;3.43;;
1000;SDS011;489;47.806;12.858;2023-01-02T21:49:39;5.03;;;3.10;;
1000;SDS011;489;47.806;12.858;2023-01-02T21:51:41;4.20;;;2.53;;
1000;SDS011;489;47.806;12.858;2023-01-02T21:53:43;5.50;;;2.90;;
1000;SDS011;489;47.806;12.858;2023-01-02T21:55:46;3.60;;;2.70;;
1000;SDS011;489;47.806;12.858;2023-01-02T21:57:48;4.13;;;2.50;;
1000;SDS011;489;47.806;12.858;2023-01-02T21:59:51;3.83;;;3.23;;
1000;SDS011;489;47.806;12.858;2023-01-02T22:01:53;3.27;;;2.57;;
1000;SDS011;489;47.806;12.858;2023-01-02T22:03:55;4.63;;;2.37;;
1000;SDS011;489;47.806;12.858;2023-01-02T22:05:57;5.23;;;2.70;;
1000;SDS011;489;47.806;12.858;2023-01-02T22:07:59;7.13;;;2.80;;
1000;SDS011;489;47.806;12.858;2023-01-02T22:10:01;3.83;;;2.53;;
1000;SDS011;489;47.806;12.858;2023-01-02T22:12:04;3.70;;;2.47;;
1000;SDS011;489;47.806;12.858;2023-01-02T22:14:07;4.10;;;2.60;;
1000;SDS011;489;47.806;12.858;2023-01-02T22:16:08;6.13;;;2.83;;
1000;SDS011;489;47.806;12.858;2023-01-02T22:18:10;5.30;;;3.10;;
1000;SDS011;489;47.806;12.858;2023-01-02T22:20:12;4.30;;;3.13;;
1000;SDS011;489;47.806;12.858;2023-01-02T22:22:14;6.03;;;4.07;;
1000;SDS011;489;47.806;12.858;2023-01-02T22:24:16;5.67;;;4.00;;
1000;SDS011;489;47.806;12.858;2023-01-02T22:26:22;4.50;;;3.20;;
1000;SDS011;489;47.806;12.858;2023-01-02T22:28:25;6.20;;;3.00;;
1000;SDS011;489;47.806;12.858;2023-01-02T22:30:27;5.63;;;3.10;;
1000;SDS011;489;47.806;12.858;2023-01-02T22:32:29;8.40;;;3.67;;
1000;SDS011;489;47.806;12.858;2023-01-02T22:34:33;4.00;;;3.43;;
1000;SDS011;489;47.806;12.858;2023-01-02T22:36:37;4.10;;;3.30;;
1000;SDS011;489;47.806;12.858;2023-01-02T22:38:39;5.83;;;3.53;;
1000;SDS011;489;47.806;12.858;2023-01-02T22:40:41;5.20;;;4.10;;
1000;SDS011;489;47.806;12.858;2023-01-02T22:42:43;6.43;;;4.00;;
1000;SDS011;489;47.806;12.858;2023-01-02T22:44:54;5.27;;;3.80;;
1000;SDS011;489;47.806;12.858;2023-01-02T22:46:55;4.70;;;4.17;;
1000;SDS011;489;47.806;12.858;2023-01-02T22:48:57;6.20;;;4.47;;
1000;SDS011;489;47.806;12.858;2023-01-02T22:50:59;5.23;;;3.63;;
1000;SDS011;489;47.806;12.858;2023-01-02T22:53:02;5.20;;;4.70;;
1000;SDS011;489;47.806;12.858;2023-01-02T22:55:05;4.90;;;4.20;;
1000;SDS011;489;47.806;12.858;2023-01-02T22:57:14;5.10;;;3.77;;
1000;SDS011;489;47.806;12.858;2023-01-02T22:59:16;5.87;;;3.97;;
1000;SDS011;489;47.806;12.858;2023-01-02T23:01:20;5.53;;;4.80;;
1000;SDS011;489;47.806;12.858;2023-01-02T23:03:25;6.73;;;3.90;;
1000;SDS011;489;47.806;12.858;2023-01-02T23:05:27;6.47;;;5.00;;
1000;SDS011;489;47.806;12.858;2023-01-02T23:07:29;4.87;;;4.37;;
1000;SDS011;489;47.806;12.858;2023-01-02T23:09:31;5.03;;;4.07;;
1000;SDS011;489;47.806;12.858;2023-01-02T23:11:33;5.03;;;3.77;;
1000;SDS011;489;47.806;12.858;2023-01-02T23:13:35;4.60;;;4.20;;
1000;SDS011;489;47.806;12.858;2023-01-02T23:15:37;5.43;;;4.00;;
1000;SDS011;489;47.806;12.858;2023-01-02T23:18:01;5.03;;;3.60;;
1000;SDS011;489;47.806;12.858;2023-01-02T23:20:20;4.97;;;3.87;;
1000;SDS011;489;47.806;12.858;2023-01-02T23:22:21;5.70;;;3.30;;
1000;SDS011;489;47.806;12.858;2023-01-02T23:24:23;6.73;;;3.50;;
1000;SDS011;489;47.806;12.858;2023-01-02T23:26:27;7.10;;;3.93;;
1000;SDS011;489;47.806;12.858;2023-01-02T23:28:30;6.90;;;3.90;;
1000;SDS011;489;47.806;12.858;2023-01-02T23:30:32;5.67;;;3.00;;
1000;SDS011;489;47.806;12.858;2023-01-02T23:32:34;4.40;;;3.27;;
1000;SDS011;489;47.806;12.858;2023-01-02T23:34:37;5.10;;;3.40;;
1000;SDS011;489;47.806;12.858;2023-01-02T23:36:39;6.83;;;3.50;;
1000;SDS011;489;47.806;12.858;2023-01-02T23:38:41;4.57;;;3.17;;
1000;SDS011;489;47.806;12.858;2023-01-02T23:40:43;6.50;;;3.17;;
1000;SDS011;489;47.806;12.858;2023-01-02T23:42:44;8.00;;;3.87;;
1000;SDS011;489;47.806;12.858;2023-01-02T23:44:46;8.07;;;3.83;;
1000;SDS011;489;47.806;12.858;2023-01-02T23:46:48;7.80;;;5.30;;
1000;SDS011;489;47.806;12.858;2023-01-02T23:48:49;9.00;;;6.23;;
1000;SDS011;489;47.806;12.858;2023-01-02T23:50:56;9.87;;;6.40;;
1000;SDS011;489;47.806;12.858;2023-01-02T23:52:58;7.50;;;6.30;;
1000;SDS011;489;47.806;12.858;2023-01-02T23:55:00;8.77;;;6.77;;
1000;SDS011;489;47.806;12.858;2023-01-02T23:57:02;6.47;;;4.20;;
1000;SDS011;489;47.806;12.858;2023-01-02T23:59:04;4.20;;;3.80;;
